392,293,395
392,499,396
393,703,398
394,1206,398
395,1410,399
395,1613,399
396,1818,400
398,2321,400
398,2525,401
399,2729,403
400,3232,403
401,3435,404
402,3639,405
402,3844,405
403,4048,406
404,4251,406
404,4456,407
405,4660,407
405,4864,409
407,5367,409
408,5570,411
409,6073,411
410,6278,412
412,6781,412
412,6986,414
413,7192,416
413,7399,416
414,7604,416
415,7809,417
415,8014,418
416,8219,418
417,8722,418
418,8927,418
419,9131,420
419,9336,422
420,9540,423
421,10043,423
422,10247,426
423,10451,426
424,10954,426
425,11158,427
425,11361,429
426,11565,429
428,12068,429
429,12570,429
430,12774,433
431,12977,435
431,13181,435
432,13385,435
433,13589,436
434,14091,436
435,14295,438
436,14798,438
437,15001,439
438,15205,440
439,15708,440
440,15913,442
441,16416,442
442,16621,445
443,16825,446
443,17030,457
445,17533,457
446,17736,468
447,18239,468
449,18741,468
450,19244,468
452,19746,468
454,20249,468
455,20752,468
457,21255,468
458,21759,468
459,22261,468
460,22766,468
461,23271,468
462,23774,468
463,24279,468
463,24785,468
464,25288,468
465,25792,468
466,26296,468
466,26800,468
467,27303,468
468,27507,470
469,27711,470
469,27915,472
471,28419,472
452,28922,472
453,29425,472
454,29929,472
455,30432,472
457,30936,472
458,31440,472
459,31942,472
460,32446,472
461,32950,472
462,33453,472
462,33957,472
463,34461,472
464,34964,472
466,35467,472
467,35970,472
468,36174,473
469,36678,473