392,494,401
392,533,401
393,895,401
394,932,401
394,1197,401
394,1237,401
395,1544,401
395,1588,401
396,1688,401
396,1734,401
396,1777,401
396,1880,401
396,2029,401
397,2192,401
397,2358,403
397,2418,403
397,2587,403
398,2857,403
398,3137,403
398,3297,404
399,3454,404
399,3609,404
400,3764,405
400,4017,405
401,4274,406
401,4455,407
402,4656,407
402,4812,407
402,4868,407
403,5014,407
403,5182,407
403,5396,409
403,5508,409
404,5616,409
404,5726,409
404,5803,409
404,5866,409
404,6059,409
404,6133,409
404,6207,409
405,6284,409
405,6367,409
405,6457,409
405,6509,409
405,6564,409
406,6724,415
407,7019,415
407,7200,416
408,7487,416
409,7675,417
409,7759,417
409,7934,418
410,8002,418
410,8176,418
411,8341,418
411,8504,418
412,8776,420
413,9053,420
413,9232,422
414,9509,423
414,9583,423
415,9754,424
415,9826,424
416,10004,424
416,10083,424
416,10258,424
417,10439,426
418,10697,427
418,10853,427
419,11006,428
419,11161,428
420,11317,429
420,11372,429
420,11426,429
420,11582,429
421,11741,429
421,11922,430
422,12113,430
422,12198,430
422,12285,430
423,12365,430
423,12453,430
423,12536,430
424,12721,430
424,12907,435
425,13090,435
425,13175,435
425,13302,435