222,254,222
222,496,222
223,535,223
223,572,223
224,897,224
225,1115,224
225,1157,224
225,1199,224
226,1546,226
227,1691,226
227,1736,226
228,1982,227
228,2132,227
229,2295,227
229,2360,227
229,2420,227
230,2690,228
230,2961,229
231,3240,232
232,3400,232
232,3557,232
233,3711,232
233,3866,232
234,4120,232
236,4376,234
236,4457,234
236,4758,238
237,4814,238
237,4972,238
238,5117,238
238,5286,238
239,5399,238
239,5511,238
239,5618,238
239,5728,238
239,5806,238
240,5969,238
240,6061,238
240,6136,238
241,6209,238
241,6286,238
241,6370,238
241,6459,238
241,6511,238
242,6667,238
243,6826,238
244,7122,239
245,7303,239
246,7591,239
246,7678,239
247,7861,239
247,7936,239
247,8005,239
248,8178,239
249,8343,239
250,8607,239
251,8880,239
252,9155,240
252,9335,240
253,9512,241
254,9687,241
254,9757,241
255,9929,241
255,10006,241
255,10086,241
257,10361,241
257,10543,241
258,10699,241