Time Cache_Disk_Usage/mb Cache_Memory_Usage/kb CPU_Usage Squid_Memory_Usage/kb
17:45:28 17 569 221 0.28 660032
17:46:15 17 935 221 0.31 663184
17:47:04 17 1358 221 0.32 666256
17:47:50 17 1847 221 0.34 669424
17:48:53 17 2384 222 0.35 672592
17:49:45 17 2944 222 0.36 676816
17:50:57 17 3636 222 0.38 681040
17:51:55 18 4164 222 0.38 684208
17:52:53 18 4736 223 0.39 687376
17:54:00 18 5348 223 0.40 691648
17:54:56 18 5912 223 0.40 695104
17:56:45 18 7136 223 0.40 702480
18:02:41 19 8112 224 0.42 709328
18:08:05 19 8112 224 0.46 710128
18:12:06 20 8112 225 0.47 710128
18:12:40 20 8112 225 0.48 710128
18:13:26 20 8108 225 0.48 710128
18:15:32 20 8108 226 0.48 710128
18:16:40 20 8108 226 0.47 710128
18:17:49 20 8108 226 0.46 710128
18:18:58 20 8112 226 0.46 710128
18:20:03 20 8112 226 0.45 710128
18:21:03 21 8112 226 0.46 710128
18:22:22 21 8108 226 0.45 711168
18:23:35 21 8108 227 0.44 711168
18:24:44 21 8108 227 0.44 711168
18:26:02 21 8108 227 0.44 711168
18:27:18 21 8112 227 0.46 711168
18:27:56 21 8112 227 0.47 711168
18:28:36 22 8112 227 0.47 711168
18:29:15 22 8112 228 0.47 711168
18:29:53 22 8112 228 0.47 711168
18:30:32 22 8112 228 0.48 711168
18:31:11 22 8112 228 0.48 711168
18:32:20 22 8112 228 0.48 712224
18:34:01 22 8108 229 0.48 712224
18:35:30 23 8108 229 0.48 712224
18:36:00 23 8104 229 0.48 712224
18:36:27 23 8104 229 0.47 712224
18:36:54 23 8104 229 0.47 712224
18:37:20 23 8104 229 0.47 712224
18:37:47 23 8104 229 0.46 712224
18:38:14 23 8104 229 0.46 712224
18:38:41 23 8104 229 0.46 712224
18:39:10 23 8104 229 0.45 712224
18:39:47 23 8104 229 0.45 712224
18:40:31 23 8104 229 0.44 712224
18:41:22 23 8104 229 0.43 712224
18:42:15 23 8104 229 0.43 712224
18:43:06 23 8104 229 0.42 712224
18:43:56 23 8104 229 0.42 712224
18:44:47 23 8104 229 0.41 712224
18:45:38 23 8104 229 0.41 712224
18:46:27 23 8104 229 0.40 712224
18:47:18 23 8104 229 0.40 712224
18:48:09 23 8104 229 0.39 712224
18:48:59 23 8104 229 0.39 712224
18:49:55 23 8104 229 0.38 712224
18:51:02 23 8104 229 0.38 712224
18:52:06 23 8104 229 0.37 712224
18:53:09 23 8104 229 0.37 712224
18:54:17 23 8104 229 0.36 712224
18:55:19 23 8104 229 0.36 712224
18:56:25 23 8104 229 0.35 712224
18:57:28 23 8104 229 0.35 712224
18:58:27 23 8104 229 0.34 712224
18:59:25 23 8104 229 0.34 712224
19:00:24 23 8104 229 0.33 712224
19:01:23 23 8104 229 0.33 712224
19:02:22 23 8104 229 0.33 712224
19:03:20 23 8104 229 0.32 712224
19:04:13 23 8104 229 0.32 712224
19:05:14 23 8104 229 0.32 712224
19:06:19 23 8104 229 0.31 712224
19:07:32 23 8104 229 0.31 712224
19:10:34 23 8104 229 0.30 712224
19:13:51 23 8104 229 0.29 712224
19:16:35 23 8104 229 0.29 712224
19:18:58 23 8104 229 0.28 712224
19:20:43 23 8104 229 0.27 712224
19:23:03 23 8104 229 0.27 712224
19:25:29 23 8104 229 0.26 712224
19:28:01 23 8104 229 0.26 712224
19:30:14 23 8104 229 0.25 712224
19:32:41 23 8104 229 0.25 712224
19:35:38 23 8104 229 0.24 712224
19:39:05 23 8104 229 0.24 712224
19:40:52 23 8104 229 0.24 712224
19:42:46 23 8104 229 0.23 712224
19:45:18 23 8108 229 0.23 712224
19:47:29 23 8104 229 0.23 712224
19:49:40 23 8104 229 0.22 712224
19:52:01 23 8104 229 0.22 712224
19:54:33 23 8104 229 0.22 712224
19:57:01 23 8104 229 0.21 712224
19:59:31 23 8104 229 0.21 712224
20:01:41 23 8104 229 0.21 712224
20:03:32 23 8104 229 0.21 712224
20:05:11 23 8104 229 0.20 712224
20:06:58 23 8104 229 0.20 712224
20:08:29 23 8104 229 0.20 712224
20:09:34 23 8104 229 0.20 712224
20:10:17 23 8104 229 0.20 712224
20:10:59 23 8104 229 0.20 712224
20:11:46 23 8104 229 0.20 712224
20:12:22 23 8104 229 0.20 712224
20:12:56 23 8104 229 0.20 712224
20:13:28 23 8104 229 0.19 712224
20:13:59 23 8104 229 0.19 712224
20:14:31 23 8104 229 0.19 712224
20:15:01 23 8104 229 0.19 712224
20:15:30 23 8104 229 0.19 712224
20:15:59 23 8104 229 0.19 712224
20:16:29 23 8104 229 0.19 712224
20:16:58 23 8104 229 0.19 712224
20:17:26 23 8104 229 0.19 712224
20:17:57 23 8104 229 0.19 712224
20:18:25 23 8104 229 0.19 712224
20:18:53 23 8104 229 0.19 712224
20:19:22 23 8104 229 0.19 712224
20:19:49 23 8104 229 0.19 712224
20:20:16 23 8104 229 0.19 712224
20:20:45 23 8104 229 0.19 712224
20:21:10 23 8104 229 0.19 712224
20:21:35 23 8104 229 0.19 712224
20:22:01 23 8104 229 0.19 712224
20:22:26 23 8104 229 0.18 712224
20:22:51 23 8104 229 0.18 712224
20:23:15 23 8104 229 0.18 712224
20:23:40 23 8104 229 0.18 712224
20:24:05 23 8104 229 0.18 712224
20:24:30 23 8104 229 0.18 712224
20:24:56 23 8104 229 0.18 712224
20:25:21 23 8104 229 0.18 712224
20:25:47 23 8104 229 0.18 712224
20:26:13 23 8104 229 0.18 712224
20:26:37 23 8104 229 0.18 712224
20:27:03 23 8104 229 0.18 712224
20:27:30 23 8104 229 0.18 712224
20:27:59 23 8104 229 0.18 712224
20:28:28 23 8104 229 0.18 712224
20:29:02 23 8104 229 0.18 712224
20:29:29 23 8104 229 0.18 712224
20:29:56 23 8104 229 0.18 712224
20:30:22 23 8104 229 0.18 712224
20:30:50 23 8104 229 0.18 712224
20:31:18 23 8104 229 0.18 712224
20:32:08 23 8104 229 0.18 712224
20:32:47 23 8104 229 0.17 712224
20:33:21 23 8104 229 0.17 712224
20:33:59 23 8104 229 0.17 712224
20:34:32 23 8104 229 0.17 712224
20:35:06 23 8104 229 0.17 712224
20:35:40 23 8104 229 0.17 712224
20:36:12 23 8104 229 0.17 712224
20:36:49 23 8104 229 0.17 712224
20:37:21 23 8104 229 0.17 712224
20:37:50 23 8104 229 0.17 712224
20:38:24 23 8104 229 0.17 712224
20:38:58 23 8104 229 0.17 712224
20:39:28 23 8104 229 0.17 712224
20:39:53 23 8104 229 0.17 712224
20:40:50 23 8104 229 0.17 712224
20:44:56 23 8104 229 0.16 712224
20:51:16 23 8104 229 0.16 712224
20:55:21 23 8104 229 0.16 712224
20:57:15 23 8104 229 0.16 712224
20:59:20 23 8104 229 0.16 712224
21:01:18 23 8104 229 0.16 712224
21:03:29 23 8104 229 0.16 712224
21:05:23 23 8104 229 0.15 712224
21:07:48 23 8104 229 0.15 712224
21:10:32 23 8104 229 0.15 712224
21:13:03 23 8104 229 0.15 712224
21:14:48 23 8104 229 0.15 712224
21:16:16 23 8104 229 0.15 712224
21:17:03 23 8104 229 0.15 712224
21:17:48 23 8104 229 0.15 712224
21:18:33 23 8104 229 0.15 712224
21:19:17 23 8104 229 0.15 712224
21:19:51 23 8104 229 0.15 712224
21:20:29 23 8104 229 0.15 712224
21:21:09 23 8104 229 0.15 712224
21:21:49 23 8104 229 0.15 712224
21:22:31 23 8104 229 0.15 712224
21:23:23 23 8104 229 0.15 712224
21:24:00 23 8104 229 0.15 712224
21:24:19 23 8104 229 0.14 712224
21:24:38 23 8104 229 0.14 712224
21:24:57 23 8104 229 0.14 712224
21:25:16 23 8104 229 0.14 712224
21:25:35 23 8104 229 0.14 712224
21:25:53 23 8104 229 0.14 712224
21:26:12 23 8104 229 0.14 712224
21:26:31 23 8104 229 0.14 712224
21:26:49 23 8104 229 0.14 712224
21:27:09 23 8104 229 0.14 712224
21:27:28 23 8104 229 0.14 712224
21:27:47 23 8104 230 0.14 712224
21:28:06 23 8104 230 0.14 712224
21:28:25 23 8104 230 0.14 712224
21:28:44 23 8104 230 0.14 712224
21:29:03 23 8104 230 0.14 712224
00:30:09 24 8108 230 0.10 712912
00:32:28 24 8108 230 0.10 712912
00:36:05 24 8108 231 0.11 712912
00:39:03 24 8108 231 0.11 712912
00:41:36 24 8108 231 0.11 712912
00:43:38 25 8112 231 0.11 713952
00:45:23 25 8112 232 0.12 713952
00:47:16 25 8112 232 0.12 713952
00:49:13 25 8108 232 0.12 713952
00:51:22 25 8108 232 0.12 714480
00:53:02 26 8112 233 0.12 714480
00:53:45 26 8112 233 0.12 714480
00:54:22 26 8112 233 0.12 714480
00:55:01 26 8112 233 0.12 714480
00:55:39 26 8112 233 0.12 714480
00:56:26 26 8112 233 0.13 714480
00:57:11 26 8112 234 0.13 714480
00:57:58 27 8112 234 0.13 714480
00:58:45 27 8112 234 0.13 715456
00:59:32 27 8112 234 0.13 715456
01:00:19 27 8108 234 0.13 715456
01:01:01 27 8108 235 0.13 715456
01:01:40 27 8112 235 0.13 715456
01:02:21 28 8112 235 0.13 715456
01:03:10 28 8112 235 0.13 715456
01:03:57 28 8112 235 0.13 715456
01:04:45 28 8112 236 0.14 716432
01:05:32 28 8112 236 0.14 716432
01:06:18 28 8112 236 0.14 716432
01:07:04 29 8112 236 0.14 716432
01:09:10 29 8108 237 0.14 716432
01:11:56 29 8108 237 0.14 716432
01:14:37 29 8112 237 0.15 716432
01:20:45 29 8104 237 0.15 716432
01:25:28 29 8112 237 0.15 716432
01:29:29 29 8108 237 0.15 716432
01:31:41 29 8108 237 0.16 716432
01:33:21 29 8108 238 0.16 716432
01:35:17 29 8108 238 0.16 716432
01:37:22 29 8108 238 0.16 716432
01:38:49 29 8108 238 0.16 716432
01:39:57 29 8112 238 0.16 716432
01:41:01 29 8112 238 0.17 716432
01:41:58 29 8112 238 0.17 716432
01:42:54 29 8112 238 0.17 716432
01:43:50 29 8112 238 0.17 716432
01:44:44 29 8112 238 0.17 716432
01:45:38 29 8112 238 0.17 716432
01:46:39 29 8112 238 0.17 716432
01:47:37 29 8112 239 0.17 716432
01:48:31 29 8112 239 0.17 716432
01:49:24 29 8112 239 0.17 716432
01:50:18 29 8112 239 0.17 716432
01:51:11 29 8112 239 0.17 716432
01:52:06 29 8112 239 0.17 716432
01:53:00 29 8112 239 0.17 716432
01:53:54 29 8112 239 0.18 716432
01:54:56 29 8112 239 0.18 716432
01:55:54 29 8112 239 0.18 716432
01:56:53 30 8112 239 0.18 716944
01:57:53 30 8112 239 0.18 716944
01:58:53 30 8108 239 0.18 716960
01:59:52 30 8112 240 0.18 716960
02:00:56 30 8112 240 0.18 716960
02:02:05 30 8112 240 0.18 716960
02:03:11 30 8112 240 0.18 716960
02:04:12 30 8112 240 0.19 716960
02:05:14 30 8112 240 0.19 716960
02:06:20 30 8112 240 0.19 716960
02:07:35 30 8112 240 0.19 716960
02:08:37 30 8112 240 0.19 716960
02:09:38 30 8108 240 0.19 716960
02:10:39 30 8112 240 0.19 716960
02:11:46 30 8112 240 0.19 716960
02:12:51 30 8112 241 0.19 716960
02:14:01 30 8104 241 0.19 716960
02:15:36 30 8104 241 0.19 716960
02:17:01 30 8104 241 0.19 716960
02:18:18 30 8104 241 0.19 716960
02:19:35 30 8104 241 0.19 716960
02:20:54 30 8104 241 0.19 716960
02:22:09 30 8104 241 0.19 716960
02:23:26 30 8104 241 0.19 716960
02:24:33 30 8104 241 0.19 716960
02:25:58 30 8104 241 0.19 716960
02:26:42 30 8104 241 0.19 716960
02:27:32 30 8104 241 0.19 716960
02:28:24 30 8104 241 0.19 716960
02:29:12 30 8104 241 0.19 716960
02:30:07 30 8104 241 0.19 716960
02:30:59 30 8104 241 0.19 716960
02:31:56 30 8104 241 0.19 716960
02:33:22 30 8104 241 0.19 716960
02:34:34 30 8104 241 0.19 716960
02:35:20 30 8104 241 0.18 716960
02:36:20 30 8104 241 0.18 716960
02:37:24 30 8104 241 0.18 716960
02:38:23 30 8104 241 0.18 716960
02:39:27 30 8104 241 0.18 716960
02:40:20 30 8104 241 0.18 716960
02:41:08 30 8104 241 0.18 716960
02:42:02 30 8104 241 0.18 716960
02:42:57 30 8104 241 0.18 716960
02:44:20 30 8104 241 0.18 716960
02:45:24 30 8104 241 0.18 716960
09:47:39 30 8104 242 0.12 716976
09:51:50 30 8104 242 0.12 716976
09:57:22 30 8104 242 0.12 716976
10:04:31 30 8104 242 0.12 716976

