Time Cache_Disk_Usage/mb Cache_Memory_Usage/kb CPU_Usage Squid_Memory_Usage/kb
14:39:02 17 332 221 0.63 660272
14:39:23 17 536 221 0.59 661328
14:39:44 17 744 221 0.56 662384
14:40:04 17 788 222 0.51 663440
14:40:22 17 788 222 0.47 663440
14:40:40 17 788 222 0.43 663440
14:40:59 17 788 222 0.40 663440
14:41:19 17 788 222 0.38 663440
14:41:37 17 788 222 0.35 663440
14:41:57 17 800 222 0.34 663440
14:42:31 17 992 222 0.31 664496
14:43:18 17 1200 222 0.30 665536
14:44:04 17 1384 222 0.28 666592
14:44:51 17 1584 222 0.27 668704
14:45:43 17 1816 222 0.26 669760
14:46:45 17 2084 222 0.25 671872
14:50:07 17 2584 222 0.29 673984
14:51:08 17 2832 222 0.28 676096
14:52:19 17 3080 222 0.27 677152
14:53:21 17 3324 222 0.27 679264
14:54:19 17 3512 222 0.26 680320
14:55:30 17 4000 222 0.26 683488
14:57:43 18 4432 223 0.25 685600
14:58:38 18 4660 223 0.25 687696
14:59:31 18 4980 223 0.25 689808
15:01:14 18 5472 223 0.24 692608
15:02:37 18 5620 223 0.24 693664
15:03:03 18 5744 223 0.24 694720
15:03:28 18 5856 223 0.24 694720
15:03:53 18 5968 223 0.24 695776
15:04:17 18 6072 223 0.24 695776
15:04:39 18 6176 223 0.24 696832
15:05:02 18 6288 223 0.24 697888
15:05:25 18 6392 223 0.24 697888
15:05:48 18 6500 223 0.24 699136
15:06:11 18 6604 223 0.24 699136
15:06:35 18 6716 223 0.24 700176
15:06:59 18 6836 224 0.23 701232
15:07:24 18 6948 224 0.23 701232
15:07:50 18 7068 224 0.23 702288
15:08:15 18 7184 224 0.23 703344
15:08:40 18 7300 224 0.23 704400
15:09:06 18 7420 224 0.23 704400
15:09:30 18 7532 224 0.23 705456
15:09:53 18 7640 224 0.23 706512
15:10:16 19 7748 224 0.23 706512
15:10:41 19 7864 224 0.23 707568
15:11:05 19 7980 224 0.23 708624
15:11:34 19 8092 224 0.23 708624
15:11:58 19 8112 224 0.23 708624
15:12:25 19 8108 224 0.23 708624
15:12:50 19 8108 224 0.23 708624
15:13:16 19 8108 224 0.23 709680
15:13:43 19 8108 224 0.23 709680
15:14:11 19 8108 224 0.22 709680
15:14:39 19 8108 224 0.22 709680
15:15:03 19 8108 224 0.22 709680
15:15:28 19 8112 224 0.22 709680
15:15:52 19 8112 224 0.22 709680
15:16:16 19 8108 224 0.22 709680
15:16:40 19 8108 224 0.22 709680
15:17:05 19 8108 224 0.22 709680
15:17:30 19 8108 224 0.22 709680
15:17:55 19 8108 225 0.22 709680
15:18:19 19 8112 225 0.22 709680
15:18:43 19 8108 225 0.22 709680
15:19:07 19 8108 225 0.22 709680
15:19:31 19 8108 225 0.22 709680
15:19:54 19 8112 225 0.22 709680
15:20:18 19 8108 225 0.22 709680
15:20:42 19 8108 225 0.22 709680
15:21:08 19 8108 225 0.22 709680
15:21:32 19 8112 225 0.22 709680
15:21:59 19 8108 225 0.22 709680
15:22:27 19 8108 225 0.22 709680
15:22:54 19 8112 225 0.22 709680
15:23:20 19 8108 225 0.22 709680
15:23:46 20 8108 225 0.22 709680
15:24:14 20 8108 225 0.22 709680
15:24:40 20 8108 225 0.22 709680
15:25:12 20 8108 225 0.22 709680
15:25:43 20 8108 225 0.22 709680
15:26:11 20 8112 225 0.22 709680
15:26:40 20 8108 225 0.22 709680
15:27:14 20 8108 225 0.22 709680
15:27:44 20 8108 225 0.22 710736
15:28:14 20 8112 225 0.22 710736
15:28:44 20 8108 225 0.22 710736
15:29:14 20 8108 226 0.22 710736
15:30:04 20 8108 226 0.22 710736
15:30:43 20 8108 226 0.22 710736
15:31:17 20 8108 226 0.22 710736
15:31:46 20 8108 226 0.22 710736
15:32:17 20 8108 226 0.22 710736
15:32:51 20 8108 226 0.22 710736
15:35:08 20 8108 226 0.22 710736
15:35:42 20 8108 226 0.22 710736
15:36:20 20 8108 226 0.22 710736
15:36:55 20 8112 226 0.22 710736
15:37:30 20 8108 226 0.22 710736
15:38:01 20 8108 226 0.22 710736
15:38:31 20 8108 226 0.22 710736
15:39:01 20 8108 226 0.22 710736
15:39:32 21 8112 226 0.22 710736
15:40:01 21 8112 226 0.22 710736
15:40:31 21 8108 226 0.22 710736
15:41:03 21 8108 226 0.22 710736
15:41:33 21 8108 226 0.22 710736
15:42:05 21 8108 227 0.22 710736
15:42:34 21 8108 227 0.22 710736
15:43:12 21 8108 227 0.22 710736
15:43:46 21 8108 227 0.22 710736
15:44:15 21 8108 227 0.22 710736
15:44:47 21 8108 227 0.22 710736
15:45:17 21 8108 227 0.22 710736
15:45:56 21 8112 227 0.22 710736
15:46:25 21 8108 227 0.22 710736
15:46:53 21 8108 227 0.22 710736
15:47:23 21 8108 227 0.22 710736
15:47:52 21 8108 227 0.22 710736
15:48:24 21 8108 227 0.22 710736
15:48:58 21 8108 227 0.22 711792
15:49:31 21 8112 227 0.22 711792
15:50:03 21 8108 227 0.22 711792
15:50:35 21 8108 227 0.22 711792
15:51:08 21 8108 227 0.22 711792
15:51:38 21 8108 227 0.22 711792
15:52:08 21 8108 227 0.22 711792
15:52:40 21 8108 227 0.22 711792
15:53:09 21 8108 228 0.22 711792
15:53:40 22 8108 228 0.22 711792
15:54:09 22 8108 228 0.22 711792
15:54:39 22 8108 228 0.22 711792
15:55:09 22 8108 228 0.22 711792
15:55:39 22 8108 228 0.22 711792
15:56:08 22 8108 228 0.22 711792
15:56:38 22 8108 228 0.22 711792
15:57:10 22 8108 228 0.22 711792
15:57:41 22 8112 228 0.22 711792
15:58:10 22 8108 228 0.22 711792
15:58:41 22 8108 228 0.22 711792
15:59:11 22 8108 228 0.22 712384
15:59:40 22 8108 228 0.22 712384
16:00:11 22 8108 228 0.22 712384
16:00:40 22 8108 228 0.22 712384
16:01:12 22 8112 228 0.22 712384
16:01:42 22 8108 228 0.22 712384
16:02:13 22 8108 228 0.22 712384
16:03:07 22 8108 228 0.22 712384
16:03:37 22 8108 228 0.22 712384
16:04:06 22 8108 229 0.21 712384
16:04:36 22 8108 229 0.21 712384
16:05:05 22 8108 229 0.21 712384
16:05:36 22 8108 229 0.21 712384
16:06:08 22 8108 229 0.21 712384
16:06:40 22 8108 229 0.21 712384
16:07:17 22 8112 229 0.21 712384
16:07:49 23 8108 229 0.21 712384
16:08:23 23 8108 229 0.21 712384
16:08:59 23 8108 229 0.21 712384
16:09:34 23 8108 229 0.21 712384
16:10:07 23 8108 229 0.21 712384
16:10:39 23 8108 229 0.21 712384
16:11:13 23 8108 229 0.21 712384
16:11:48 23 8112 229 0.21 712384
16:12:21 23 8108 229 0.21 712384
16:12:54 23 8108 229 0.21 712384
16:13:26 23 8108 229 0.21 712384
16:14:01 23 8108 229 0.21 712384
16:14:34 23 8108 229 0.21 712384
16:15:06 23 8108 230 0.21 712384
16:15:40 23 8108 230 0.21 712384
16:16:15 23 8108 230 0.21 712384
16:16:50 23 8108 230 0.21 712384
16:17:24 23 8108 230 0.21 712384
16:18:00 23 8108 230 0.21 712384
16:18:36 23 8108 230 0.21 713424
16:19:12 23 8108 230 0.21 713424
16:19:46 23 8112 230 0.21 713424
16:20:22 23 8108 230 0.21 713424
16:20:57 23 8112 230 0.21 713424
16:21:33 24 8108 230 0.21 713424
16:22:08 24 8108 230 0.21 713424
16:22:45 24 8108 230 0.21 713424
16:23:21 24 8108 230 0.21 713424
16:24:08 24 8108 230 0.21 713424
16:24:56 24 8112 230 0.21 713424
16:25:37 24 8108 230 0.21 713424
16:26:22 24 8108 231 0.21 713424
16:27:06 24 8108 231 0.21 713904
16:27:44 24 8108 231 0.21 713904
16:28:25 24 8108 231 0.21 713904
16:29:12 24 8108 231 0.21 713904
16:29:49 24 8108 231 0.21 713904
16:30:27 24 8108 231 0.21 713904
16:31:01 24 8108 231 0.21 713904
16:31:37 24 8108 231 0.21 713904
16:32:13 24 8108 231 0.21 713904
16:32:49 24 8108 231 0.21 713904
16:33:26 24 8108 231 0.21 713904
16:34:03 24 8108 231 0.21 713904
16:34:38 24 8108 231 0.21 713904
16:35:17 25 8108 231 0.21 713904
16:35:56 25 8108 231 0.21 713904
16:36:34 25 8108 231 0.21 713904
16:37:11 25 8108 231 0.21 713904
16:37:49 25 8108 232 0.21 713904
16:38:25 25 8112 232 0.21 713904
16:39:01 25 8108 232 0.21 713904
16:39:37 25 8108 232 0.21 713904
16:40:14 25 8108 232 0.21 713904
16:40:50 25 8108 232 0.21 713904
16:41:28 25 8108 232 0.21 713904
16:42:04 25 8108 232 0.21 713904
16:42:42 25 8108 232 0.21 713904
16:43:19 25 8108 232 0.21 713904
16:43:58 25 8108 232 0.21 713904
16:44:35 25 8108 232 0.21 713904
16:45:13 25 8108 232 0.21 714944
16:45:51 25 8108 232 0.21 714944
16:46:27 25 8108 232 0.21 714944
16:47:06 25 8108 232 0.21 714944
16:47:47 25 8108 232 0.21 714944
16:48:29 25 8108 233 0.21 714944
16:49:09 26 8108 233 0.21 714944
16:49:47 26 8108 233 0.21 714944
16:50:26 26 8108 233 0.21 714944
16:51:04 26 8108 233 0.21 714944
16:51:43 26 8108 233 0.21 714944
16:52:27 26 8108 233 0.21 714944
16:53:10 26 8108 233 0.21 714944
16:53:50 26 8108 233 0.21 714944
16:54:34 26 8108 233 0.21 714944
16:55:22 26 8108 233 0.21 714944
16:56:04 26 8108 233 0.21 714944
16:57:24 26 8108 233 0.21 714944
16:59:23 26 8108 233 0.21 714944
17:01:37 26 8108 234 0.21 714944
17:05:44 26 8108 234 0.21 714944
17:07:15 27 8108 234 0.21 716000
17:09:41 27 8108 234 0.21 716048
17:12:00 27 8108 234 0.21 716048
17:14:08 27 8108 234 0.21 716048
17:16:24 27 8108 234 0.21 716048
17:18:55 27 8108 235 0.21 716048
17:21:33 27 8108 235 0.21 716048
17:24:29 27 8108 235 0.21 716048
17:27:40 28 8108 235 0.21 716048
17:30:41 28 8108 235 0.21 716048
17:33:41 28 8108 235 0.21 716048
17:36:45 28 8108 236 0.20 717088
17:40:14 28 8108 236 0.20 717088
17:44:03 28 8108 236 0.21 717088
17:46:54 28 8108 236 0.21 717088
17:49:50 29 8108 236 0.21 717088
17:52:21 29 8104 236 0.21 717088
17:54:54 29 8108 237 0.21 717088
17:57:14 29 8108 237 0.21 717088
17:59:30 29 8108 237 0.21 717088
18:01:57 29 8108 237 0.21 717088
18:04:51 29 8108 237 0.21 717088
18:07:33 29 8108 237 0.21 717088
18:10:13 29 8108 237 0.21 717584
18:13:15 29 8108 237 0.21 717584
18:16:40 29 8108 237 0.22 717584
18:19:02 29 8108 237 0.22 717584
18:21:20 29 8104 237 0.22 717584
18:23:31 29 8104 237 0.21 717584
18:26:21 29 8104 237 0.21 717584
18:28:58 29 8104 237 0.21 717584
18:32:09 29 8104 237 0.21 717584
18:33:09 29 8104 237 0.21 717584
18:34:19 29 8104 237 0.21 717584
18:35:47 29 8104 237 0.21 717584
18:38:16 29 8104 237 0.20 717584
18:40:54 29 8104 237 0.20 717584
18:43:17 29 8104 237 0.20 717584
18:46:01 29 8104 237 0.20 717584
18:47:25 29 8104 237 0.20 717584
18:48:40 29 8104 237 0.20 717584
18:49:50 29 8104 237 0.20 717584
18:51:05 29 8104 237 0.19 717584
18:52:31 29 8104 237 0.19 717584
18:53:36 29 8104 237 0.19 717584
18:54:40 29 8104 237 0.19 717584
18:56:01 29 8104 237 0.19 717584
18:57:08 29 8104 237 0.19 717584
18:58:34 29 8104 237 0.19 717584
18:59:51 29 8104 237 0.19 717584
19:01:01 29 8104 237 0.19 717584
19:02:43 29 8104 237 0.19 717584
19:04:02 29 8104 237 0.19 717584
19:05:37 29 8104 237 0.18 717584
19:07:32 29 8104 237 0.18 717584
19:09:20 29 8104 237 0.18 717584
19:11:04 29 8104 237 0.18 717584
19:11:55 29 8104 237 0.18 717584
19:12:32 29 8104 237 0.18 717584
19:13:09 29 8104 237 0.18 717584
19:13:52 29 8104 237 0.18 717584
19:14:38 29 8104 237 0.18 717584
19:15:25 29 8104 237 0.18 717584
19:16:13 29 8104 237 0.18 717584
19:16:56 29 8104 237 0.18 717584
19:17:46 29 8104 237 0.18 717584
19:18:41 29 8104 237 0.18 717584
19:19:29 29 8104 237 0.18 717584
19:20:12 29 8104 237 0.18 717584
19:20:55 29 8104 237 0.18 717584
19:21:37 29 8104 237 0.18 717584
19:22:19 29 8104 237 0.18 717584
19:23:03 29 8104 237 0.18 717584
19:23:43 29 8104 237 0.17 717584
19:24:34 29 8104 237 0.17 717584
19:26:25 29 8104 237 0.17 717584
19:27:47 29 8104 237 0.17 717584
19:29:12 29 8104 237 0.17 717584
19:29:53 29 8104 237 0.17 717584
19:30:37 29 8104 237 0.17 717584
19:31:14 29 8104 237 0.17 717584
19:31:56 29 8104 237 0.17 717584
19:32:43 29 8104 237 0.17 717584
19:33:31 29 8104 237 0.17 717584
19:34:12 29 8104 237 0.17 717584
19:34:53 29 8104 237 0.17 717584
19:35:40 29 8104 237 0.17 717584
19:36:33 29 8104 237 0.17 717584
19:37:24 29 8104 237 0.17 717584
19:38:15 29 8104 237 0.17 717584
19:38:56 29 8104 237 0.17 717584
19:39:37 29 8104 237 0.17 717584
19:40:19 29 8104 237 0.17 717584
19:41:03 29 8104 237 0.17 717584
19:41:44 29 8104 237 0.17 717584
19:42:31 29 8104 237 0.16 717584
19:43:18 29 8104 237 0.16 717584
19:43:59 29 8104 237 0.16 717584
19:44:43 29 8104 237 0.16 717584
19:45:22 29 8104 237 0.16 717584
19:46:03 29 8104 237 0.16 717584
19:46:50 29 8104 237 0.16 717584
19:47:40 29 8104 237 0.16 717584
19:48:27 29 8104 237 0.16 717584
19:49:17 29 8104 237 0.16 717584
19:49:58 29 8104 237 0.16 717584
19:50:44 29 8104 237 0.16 717584
19:51:26 29 8104 237 0.16 717584
19:52:11 29 8104 237 0.16 717584
19:52:57 29 8104 237 0.16 717584
19:53:46 29 8104 237 0.16 717584
19:54:29 29 8108 237 0.16 717584
19:55:15 29 8108 237 0.16 717584
19:56:01 29 8108 237 0.16 717584
19:57:00 29 8108 237 0.16 717584
19:57:59 29 8108 237 0.16 717584
19:58:56 29 8108 237 0.16 717584
19:59:40 29 8108 237 0.16 717584
20:00:24 29 8108 237 0.16 717584
20:01:16 29 8108 237 0.16 717584
20:02:19 29 8112 237 0.16 717584
20:03:13 29 8104 237 0.16 717584
20:04:04 29 8108 237 0.16 717584
20:04:48 29 8108 237 0.16 717584
20:05:30 29 8112 237 0.16 717584
20:06:13 29 8108 237 0.16 717584
20:07:03 29 8108 237 0.16 717584
20:08:03 29 8108 237 0.16 717584
20:08:59 29 8108 237 0.16 717584
20:09:49 29 8108 237 0.16 717584
20:10:32 29 8108 237 0.16 717584
20:11:14 29 8112 238 0.16 717584
20:12:07 29 8108 238 0.16 717584
20:12:54 29 8112 238 0.16 717584
20:13:46 29 8108 238 0.16 717584
20:14:43 29 8108 238 0.16 717584
20:15:37 29 8108 238 0.16 717584
20:16:31 29 8108 238 0.16 717584
20:17:22 29 8108 238 0.16 717584
20:18:21 29 8108 238 0.16 717584
20:19:21 29 8108 238 0.16 717584
20:20:15 29 8108 238 0.16 717584
20:21:11 29 8112 238 0.16 717584
20:22:09 29 8108 238 0.16 717584
20:22:59 29 8108 238 0.16 717584
20:23:50 29 8108 238 0.16 717584
20:24:42 29 8108 238 0.16 717584
20:25:29 29 8108 238 0.16 717584
20:26:13 29 8108 238 0.16 717584
20:26:58 29 8108 238 0.16 717584
20:27:45 29 8108 238 0.16 717584
20:28:39 29 8108 238 0.16 717584
20:29:30 29 8108 238 0.16 717584
20:30:22 29 8108 238 0.16 717584
20:31:14 29 8108 238 0.16 717584
20:32:03 29 8108 238 0.16 717584
20:32:54 29 8108 238 0.16 717584
20:33:39 29 8104 238 0.16 717584
20:34:26 29 8108 238 0.16 717584
20:35:10 29 8108 238 0.16 717584
20:36:01 29 8108 238 0.16 717584
20:36:46 29 8112 238 0.16 717584
20:37:34 29 8112 238 0.16 717584
20:38:28 29 8108 238 0.16 717584
20:39:28 29 8108 238 0.16 717584
20:40:22 29 8108 238 0.16 717584
20:41:04 29 8108 238 0.16 717584
20:41:50 29 8108 238 0.16 717584
20:42:41 29 8108 238 0.17 717584
20:43:37 29 8108 238 0.17 717584
20:44:33 29 8112 238 0.17 717584
20:45:29 29 8108 238 0.17 717584
20:46:16 29 8108 238 0.17 717584
20:46:58 29 8108 238 0.17 717584
20:47:44 29 8108 238 0.17 717584
20:48:30 29 8108 239 0.17 717584
20:49:22 29 8112 239 0.17 717584
20:50:20 29 8108 239 0.17 717584
20:51:17 29 8108 239 0.17 717584
20:52:05 29 8108 239 0.17 717584
20:52:49 29 8104 239 0.17 717584
06:52:56 29 8108 239 0.07 717584
06:53:56 29 8104 239 0.07 717584
06:54:51 29 8108 239 0.07 717584
06:55:42 29 8108 239 0.07 717584
06:56:33 29 8108 239 0.07 717584
06:57:23 29 8108 239 0.07 717584
06:58:13 29 8108 239 0.07 717584
06:59:04 29 8108 239 0.07 717584
06:59:56 29 8108 239 0.07 717584
07:00:48 29 8112 239 0.07 717584
07:01:50 29 8108 239 0.07 717584
07:02:51 29 8108 239 0.07 717584
07:03:48 29 8112 239 0.07 717584
07:04:50 29 8108 239 0.07 717584
07:06:10 29 8108 239 0.07 717584
07:07:54 29 8108 239 0.07 717584
07:09:31 29 8108 239 0.07 717584
07:10:53 29 8108 239 0.07 717584
07:12:14 29 8108 239 0.07 717584
07:13:31 29 8108 239 0.07 717584
07:14:48 29 8108 239 0.07 717584
07:16:09 29 8108 239 0.07 717584
07:18:04 29 8108 239 0.07 717584
07:20:36 29 8108 239 0.07 717584
07:22:29 29 8108 239 0.08 717584
07:23:21 29 8108 239 0.08 717584
07:24:25 29 8108 239 0.08 717584
07:25:59 29 8108 239 0.08 717584
07:26:53 29 8108 239 0.08 717584
07:27:49 29 8104 239 0.08 717584
07:28:45 29 8108 239 0.08 717584
07:29:44 29 8108 239 0.08 717584
07:30:48 30 8108 239 0.08 717584
07:31:46 30 8112 239 0.08 717584
07:32:42 30 8104 239 0.08 717584
07:33:33 30 8108 239 0.08 717584
07:34:20 30 8108 239 0.08 717584
07:35:01 30 8108 240 0.08 717584
07:35:42 30 8108 240 0.08 717584
07:36:29 30 8108 240 0.08 717584
07:37:20 30 8104 240 0.08 717584
07:38:11 30 8104 240 0.08 717584
07:39:02 30 8104 240 0.08 717584
07:39:55 30 8104 240 0.08 717584
07:40:50 30 8104 240 0.08 717584
07:41:42 30 8104 240 0.08 717584
07:42:39 30 8104 240 0.08 717584
07:43:26 30 8104 240 0.08 717584
07:44:05 30 8104 240 0.08 717584
07:44:52 30 8104 240 0.08 717584
07:45:50 30 8104 240 0.08 717584
07:46:44 30 8104 240 0.08 717584
07:47:30 30 8104 240 0.08 717584
07:48:15 30 8104 240 0.08 717584
07:49:01 30 8104 240 0.08 717584
07:49:45 30 8104 240 0.08 717584
07:50:38 30 8104 240 0.08 717584
07:51:49 30 8104 240 0.08 717584
07:53:00 30 8104 240 0.08 717584
07:54:14 30 8104 240 0.08 717584
07:55:45 30 8104 240 0.08 717584
07:57:04 30 8104 240 0.08 717584
07:57:38 30 8104 240 0.08 717584
07:58:12 30 8104 240 0.08 717584
07:58:46 30 8104 240 0.08 717584
07:59:22 30 8104 240 0.08 717584
08:00:00 30 8104 240 0.08 717584
08:00:37 30 8104 240 0.08 717584
08:01:15 30 8104 240 0.08 717584
08:01:53 30 8104 240 0.08 717584
08:02:57 30 8104 240 0.08 717584
08:04:01 30 8104 240 0.08 717584
08:04:51 30 8104 240 0.08 717584
08:05:28 30 8104 240 0.08 717584
08:06:09 30 8104 240 0.08 717584
08:06:50 30 8104 240 0.08 717584
08:07:30 30 8104 240 0.08 717584
08:08:10 30 8104 240 0.07 717584
08:08:49 30 8104 240 0.07 717584
08:09:27 30 8104 240 0.07 717584
08:10:05 30 8104 240 0.07 717584
08:10:45 30 8104 240 0.07 717584
08:11:22 30 8104 240 0.07 717584
08:11:59 30 8104 240 0.07 717584
08:12:37 30 8104 240 0.07 717584
08:13:19 30 8104 240 0.07 717584
08:14:03 30 8104 240 0.07 717584
08:15:38 30 8104 240 0.07 717584
08:16:37 30 8104 240 0.07 717584
08:18:18 30 8104 240 0.07 717584
08:20:26 30 8104 240 0.07 717584
08:22:34 30 8104 240 0.07 717584
08:24:47 30 8104 240 0.07 717584
08:26:43 30 8104 240 0.07 717584
08:28:44 30 8104 240 0.07 717584
08:29:37 30 8104 240 0.07 717584
08:30:31 30 8104 240 0.07 717584
08:31:21 30 8104 240 0.07 717584
08:32:11 30 8104 240 0.07 717584
08:33:02 30 8104 240 0.07 717584
08:34:07 30 8104 240 0.07 717584
08:34:58 30 8104 240 0.07 717584
08:35:41 30 8104 240 0.07 717584
08:36:43 30 8104 240 0.07 717584
08:37:45 30 8104 240 0.07 717584
08:38:50 30 8104 240 0.07 717584
08:39:49 30 8104 240 0.07 717584
08:40:57 30 8104 240 0.07 717584
08:42:42 30 8104 240 0.07 717584
08:44:18 30 8104 240 0.07 717584
08:46:08 30 8104 240 0.07 717584
08:48:06 30 8104 240 0.07 717584
08:53:09 30 8104 240 0.07 717584
08:56:56 30 8104 240 0.07 717584
08:57:46 30 8104 240 0.07 717584
08:58:52 30 8104 240 0.07 717584
09:00:04 30 8104 240 0.07 717584
09:01:13 30 8104 240 0.07 717584
09:03:24 30 8104 240 0.07 717584
09:08:46 30 8104 240 0.07 717584
09:11:46 30 8104 240 0.07 717584
09:16:08 30 8104 240 0.07 717584
09:19:41 30 8104 240 0.07 717584
09:21:31 30 8104 240 0.07 717584
09:23:30 30 8104 240 0.07 717584
09:27:03 30 8104 240 0.07 717584
09:28:59 30 8104 240 0.07 717584
09:31:19 30 8104 240 0.07 717584
09:33:39 30 8104 240 0.07 717584
09:35:29 30 8104 240 0.07 717584
09:37:15 30 8104 240 0.07 717584
09:39:00 30 8104 240 0.07 717584
09:41:19 30 8104 240 0.07 717584
09:43:11 30 8104 240 0.07 717584
09:45:21 30 8104 240 0.07 717584
09:47:19 30 8104 240 0.07 717584
09:49:01 30 8104 240 0.07 717584
09:50:39 30 8104 240 0.07 717584
09:52:12 30 8104 240 0.07 717584
09:53:44 30 8104 240 0.07 717584
09:54:51 30 8104 240 0.07 717584
09:57:45 30 8104 240 0.07 717584
09:59:55 30 8104 240 0.07 717584
10:02:32 30 8104 240 0.07 717584
10:04:35 30 8104 240 0.07 717584
10:06:19 30 8104 240 0.07 717584
10:08:05 30 8104 240 0.07 717584
10:09:26 30 8104 240 0.07 717584
10:11:29 30 8104 240 0.07 717584
10:14:16 30 8104 240 0.07 717584
13:28:27 30 8108 240 0.06 717584
13:32:06 30 8108 240 0.06 717584
13:35:40 30 8112 240 0.06 717584
13:38:17 30 8108 240 0.06 717584
13:41:08 30 8108 240 0.06 717584
13:44:44 30 8108 240 0.07 717584
13:48:44 30 8108 240 0.07 717584
13:50:39 30 8108 240 0.07 717584
13:52:59 30 8108 240 0.07 717584
13:54:48 30 8108 240 0.07 717584
13:56:53 30 8108 240 0.07 717584
14:00:22 30 8112 240 0.07 717584
14:02:07 30 8108 240 0.07 717584
14:03:23 30 8108 240 0.07 717584
14:04:39 30 8108 240 0.07 717584
14:06:03 30 8108 240 0.07 717584
14:07:27 30 8108 240 0.07 717584
14:08:46 30 8112 241 0.07 717584
14:09:46 30 8108 241 0.07 717584
14:12:24 30 8108 241 0.07 717584
14:15:35 30 8108 241 0.07 717584
14:18:38 30 8108 241 0.07 717584
14:21:25 30 8104 241 0.07 717584
14:23:04 30 8104 241 0.07 717584
14:24:12 30 8104 241 0.07 717584
14:25:24 30 8104 241 0.07 717584
14:30:07 30 8104 241 0.07 717584
14:32:31 30 8104 241 0.07 717584
14:34:15 30 8104 241 0.07 717584
14:35:08 30 8104 241 0.07 717584
14:36:26 30 8104 241 0.07 717584
14:37:40 30 8104 241 0.07 717584
14:39:03 30 8104 241 0.07 717584
14:40:39 30 8104 241 0.07 717584
14:42:12 30 8104 241 0.07 717584
14:44:17 30 8104 241 0.07 717584
14:45:53 30 8104 241 0.07 717584
14:46:47 30 8104 241 0.07 717584
14:47:39 30 8104 241 0.07 717584
14:48:29 30 8104 241 0.07 717584
14:49:20 30 8104 241 0.07 717584
14:50:23 30 8104 241 0.07 717584
14:51:25 30 8104 241 0.07 717584
14:52:30 30 8104 241 0.07 717584
14:53:38 30 8104 241 0.07 717584
14:54:45 30 8104 241 0.07 717584
14:56:04 30 8104 241 0.07 717584
14:57:14 30 8104 241 0.07 717584
14:58:20 30 8104 241 0.07 717584
14:59:19 30 8104 241 0.07 717584
15:00:23 30 8104 241 0.07 717584
15:01:30 30 8104 241 0.07 717584
15:02:25 30 8104 241 0.07 717584
15:03:18 30 8104 241 0.07 717584
15:04:15 30 8104 241 0.07 717584
15:05:12 30 8104 241 0.07 717584
15:06:13 30 8104 241 0.07 717584
15:07:11 30 8104 241 0.07 717584
15:08:06 30 8104 241 0.07 717584
15:09:02 30 8104 241 0.07 717584
15:10:07 30 8104 241 0.07 717584
15:11:04 30 8104 241 0.07 717584
15:11:58 30 8104 241 0.07 717584
15:12:56 30 8104 241 0.07 717584
15:13:52 30 8104 241 0.07 717584
15:14:48 30 8104 241 0.07 717584
15:15:45 30 8104 241 0.07 717584
15:16:41 30 8104 241 0.07 717584
15:17:35 30 8104 241 0.07 717584
15:18:30 30 8104 241 0.07 717584
15:19:26 30 8104 241 0.07 717584
15:20:29 30 8104 241 0.07 717584
15:21:28 30 8104 241 0.07 717584
15:22:27 30 8104 241 0.07 717584
15:23:19 30 8104 241 0.07 717584
15:24:09 30 8104 241 0.07 717584
15:25:06 30 8104 241 0.07 717584
15:26:05 30 8104 241 0.07 717584
15:27:05 30 8104 241 0.07 717584
15:27:59 30 8104 241 0.07 717584
15:28:51 30 8104 241 0.07 717584
15:29:46 30 8108 241 0.07 717584
15:30:50 30 8108 241 0.07 717584
15:31:56 30 8108 241 0.07 717584
15:32:54 30 8108 241 0.07 717584
15:33:50 30 8108 241 0.07 717584
15:34:45 30 8108 241 0.07 717584
15:35:41 30 8108 241 0.07 717584
15:36:37 30 8108 241 0.07 717584
15:37:30 30 8108 241 0.07 717584
15:38:24 30 8108 241 0.07 717584
15:39:40 30 8108 241 0.07 717584
15:40:40 30 8112 241 0.07 717584
15:41:57 30 8104 241 0.07 717584
15:43:05 30 8108 241 0.07 717584
15:44:01 30 8108 241 0.07 717584
15:44:56 30 8108 241 0.07 717584
15:45:54 30 8108 241 0.07 717584
15:46:54 30 8108 241 0.07 717584
15:48:04 30 8108 241 0.07 717584
15:49:13 30 8108 241 0.07 717584
15:50:26 30 8108 241 0.07 717584
15:51:29 30 8108 241 0.07 717584
15:52:28 30 8108 241 0.07 717584
15:53:28 30 8108 241 0.07 717584
15:54:23 30 8108 241 0.07 717584
15:55:14 30 8108 241 0.07 717584
15:56:07 30 8108 241 0.07 717584
15:57:00 30 8112 241 0.07 717584
15:57:53 30 8108 241 0.07 717584
15:58:44 30 8108 242 0.07 717584
15:59:35 30 8108 242 0.07 717584
16:00:28 30 8108 242 0.07 717584
16:01:24 30 8108 242 0.07 717584
16:02:20 30 8108 242 0.07 717584
16:03:22 30 8108 242 0.07 717584
16:04:18 30 8112 242 0.07 717584
16:05:17 30 8108 242 0.07 717584
16:06:15 30 8108 242 0.07 717584
16:07:13 30 8104 242 0.07 718592
16:08:11 30 8104 242 0.07 718592
16:09:08 30 8104 242 0.07 718592
16:09:57 30 8104 242 0.07 718592
16:10:45 30 8104 242 0.07 718592
16:11:45 30 8104 242 0.07 718592
16:13:25 30 8104 242 0.07 718592
16:14:42 30 8104 242 0.07 718592
16:15:49 30 8104 242 0.07 718592
16:16:50 30 8104 242 0.07 718592
16:17:50 30 8104 242 0.07 718592
16:18:48 30 8104 242 0.07 718592
16:19:47 30 8104 242 0.07 718592
16:20:52 30 8104 242 0.07 718592
16:22:01 30 8104 242 0.07 718592
16:23:09 30 8104 242 0.07 718592
16:24:12 30 8104 242 0.07 718592
16:25:09 30 8104 242 0.07 718592
16:26:02 30 8104 242 0.07 718592
16:26:59 30 8104 242 0.07 718592
16:27:57 30 8104 242 0.07 718592
16:28:50 30 8104 242 0.07 718592
16:29:43 30 8104 242 0.07 718592
16:30:38 30 8104 242 0.07 718592
16:31:51 30 8104 242 0.07 718592
16:33:02 30 8104 242 0.07 718592
16:34:14 30 8104 242 0.07 718592
16:35:19 30 8104 242 0.07 718592
16:36:17 30 8104 242 0.07 718592
16:37:19 30 8104 242 0.07 718592
16:38:20 30 8104 242 0.07 718592
16:39:29 30 8104 242 0.07 718592
16:40:17 30 8104 242 0.07 718592
16:41:17 30 8104 242 0.07 718592
16:42:11 30 8104 242 0.07 718592
16:43:01 30 8104 242 0.07 718592
16:43:56 30 8104 242 0.07 718592
16:45:09 30 8104 242 0.07 718592
16:46:23 30 8108 242 0.07 718592
16:47:35 30 8104 242 0.07 718592
16:48:42 30 8104 242 0.07 718592
16:49:49 30 8104 242 0.07 718592
16:50:55 30 8104 242 0.07 718592
16:52:00 30 8104 242 0.07 718592
16:53:00 30 8104 242 0.07 718592
16:53:58 30 8104 242 0.07 718592
16:55:04 30 8104 242 0.07 718592
16:56:04 30 8104 242 0.07 718592
16:56:56 30 8104 242 0.07 718592
16:58:30 30 8104 242 0.07 718592
16:59:55 30 8104 242 0.07 718592
17:01:09 30 8104 242 0.07 718592
17:02:16 30 8104 242 0.07 718592
17:03:19 30 8104 242 0.07 718592
17:04:35 30 8104 242 0.07 718592
17:05:53 30 8104 242 0.07 718592
17:07:01 30 8104 242 0.07 718592
17:07:51 30 8104 242 0.07 718592
17:08:59 30 8104 242 0.07 718592
17:09:56 30 8104 242 0.07 718592
17:10:56 30 8104 242 0.07 718592
17:11:49 30 8104 242 0.07 718592
17:12:39 30 8104 242 0.07 718592
17:13:26 30 8104 242 0.07 718592
17:14:14 30 8104 242 0.07 718592
17:15:01 30 8104 242 0.07 718592
17:15:54 30 8104 242 0.07 718592
17:16:48 30 8104 242 0.07 718592
17:17:35 30 8104 242 0.07 718592
17:18:21 30 8104 242 0.07 718592
17:19:05 30 8104 242 0.07 718592
17:19:50 30 8104 242 0.07 718592
17:20:38 30 8104 242 0.07 718592
17:21:24 30 8104 242 0.07 718592
17:22:14 30 8104 242 0.07 718592
17:23:04 30 8104 242 0.07 718592
17:23:56 30 8104 242 0.07 718592
17:24:53 30 8104 242 0.07 718592
17:25:56 30 8104 242 0.07 718592
17:26:53 30 8104 242 0.07 718592
17:27:45 30 8104 242 0.07 718592
17:28:40 30 8104 242 0.07 718592
17:29:31 30 8104 242 0.07 718592
17:30:25 30 8104 242 0.07 718592
17:31:15 30 8104 242 0.07 718592
17:32:08 30 8104 242 0.07 718592
17:32:54 30 8104 242 0.07 718592
17:33:41 30 8104 242 0.07 718592
17:34:28 30 8104 242 0.07 718592
17:35:25 30 8104 242 0.07 718592
17:36:20 30 8104 242 0.07 718592
17:37:13 30 8104 242 0.07 718592
17:38:01 30 8104 242 0.07 718592
17:38:48 30 8104 242 0.07 718592
17:39:31 30 8104 242 0.07 718592
17:40:17 30 8104 242 0.07 718592
17:41:02 30 8104 242 0.07 718592
17:41:49 30 8104 242 0.07 718592
17:42:36 30 8104 242 0.07 718592
17:43:19 30 8104 242 0.07 718592
17:44:04 30 8104 242 0.07 718592
17:44:46 30 8104 242 0.07 718592
17:45:35 30 8104 242 0.07 718592
17:46:26 30 8104 242 0.07 718592
17:47:17 30 8104 242 0.07 718592
17:48:06 30 8104 242 0.07 718592
17:48:49 30 8104 242 0.07 718592
17:49:32 30 8104 242 0.07 718592
17:50:17 30 8104 242 0.07 718592
17:51:06 30 8104 242 0.07 718592
17:51:55 30 8104 242 0.07 718592
17:52:47 30 8104 242 0.07 718592
17:53:31 30 8104 242 0.07 718592
17:54:15 30 8104 242 0.07 718592
17:54:58 30 8104 242 0.07 718592
17:55:47 30 8104 242 0.07 718592
17:56:38 30 8104 242 0.07 718592
17:57:27 30 8104 242 0.07 718592
17:58:16 30 8104 242 0.07 718592
17:58:58 30 8104 242 0.07 718592
17:59:43 30 8104 242 0.07 718592
18:00:28 30 8104 242 0.07 718592
18:01:15 30 8104 242 0.07 718592
18:02:07 30 8104 242 0.07 718592
18:02:57 30 8104 242 0.07 718592
18:03:45 30 8104 242 0.07 718592
18:04:32 30 8104 242 0.07 718592
18:05:18 30 8104 242 0.07 718592
18:06:04 30 8104 242 0.07 718592
18:06:51 30 8104 242 0.07 718592
18:07:37 30 8104 242 0.07 718592
18:08:23 30 8104 242 0.07 718592
18:09:09 30 8104 242 0.07 718592
18:09:54 30 8104 242 0.07 718592
18:10:38 30 8104 242 0.07 718592
18:11:31 30 8104 242 0.07 718592
18:12:24 30 8104 242 0.07 718592
18:13:11 30 8104 242 0.07 718592
18:14:00 30 8104 242 0.07 718592
18:14:43 30 8104 242 0.07 718592
18:15:28 30 8104 242 0.07 718592
18:16:15 30 8104 242 0.07 718592
