CPU_Utilization(%) Memory_Consumption(mb) Current_Time(s) Disk Space(mb)
1.37 910.8 18:16:48 86
1.56 910.7 18:16:50 86
1.46 910.7 18:16:52 86
1.59 910.7 18:16:54 86
1.61 910.7 18:16:56 86
1.46 910.7 18:16:58 86
1.55 910.7 18:17:00 86
1.49 910.7 18:17:02 86
1.53 910.7 18:17:04 86
1.56 910.8 18:17:06 86
1.42 910.8 18:17:08 86
1.62 910.8 18:17:10 86
1.65 910.8 18:17:12 86
1.52 910.8 18:17:14 86
1.35 910.8 18:17:16 86
1.53 910.8 18:17:18 86
1.69 910.8 18:17:20 86
1.66 910.8 18:17:23 86
1.38 910.8 18:17:25 86
1.62 910.8 18:17:27 86
1.60 910.8 18:17:29 86
1.62 910.8 18:17:31 86
1.53 910.8 18:17:33 86
1.54 910.8 18:17:35 86
1.37 910.8 18:17:37 86
1.58 910.8 18:17:39 86
1.54 910.8 18:17:41 86
1.44 910.8 18:17:43 86
1.55 910.8 18:17:45 86
1.45 910.8 18:17:47 86
1.50 910.8 18:17:49 86
1.50 910.8 18:17:51 86
1.43 910.8 18:17:53 86
1.80 910.8 18:17:55 86
1.37 910.8 18:17:58 86
1.50 910.8 18:18:00 86
1.55 910.8 18:18:02 86
1.50 910.8 18:18:04 86
1.62 910.8 18:18:06 86
1.39 910.8 18:18:08 86
1.55 910.8 18:18:10 86
1.51 910.8 18:18:12 86
1.48 910.8 18:18:14 86
1.52 910.8 18:18:16 86
1.41 910.8 18:18:18 86
1.66 910.8 18:18:20 86
1.71 910.8 18:18:22 86
1.44 910.8 18:18:24 86
1.64 910.8 18:18:26 86
1.49 910.8 18:18:28 86
1.71 910.9 18:18:30 86
1.45 910.9 18:18:32 86
1.59 910.9 18:18:35 86
1.41 910.9 18:18:37 86
1.41 911 18:18:39 86
1.63 910.9 18:18:41 86
1.44 911 18:18:43 86
1.59 910.9 18:18:45 86
1.45 910.9 18:18:47 86
1.50 910.9 18:18:49 86
1.54 910.9 18:18:51 86
1.41 910.9 18:18:53 86
1.62 910.9 18:18:55 86
1.51 910.9 18:18:57 86
2.34 910.9 18:18:59 86
1.44 910.9 18:19:01 86
1.51 910.9 18:19:03 86
1.62 910.9 18:19:05 86
1.41 910.9 18:19:07 86
1.84 910.9 18:19:10 86
1.41 910.9 18:19:12 86
1.49 910.9 18:19:14 86
1.64 910.9 18:19:16 86
1.42 910.9 18:19:18 86
1.66 911 18:19:20 86
1.58 910.9 18:19:22 86
1.50 910.9 18:19:24 86
1.64 910.9 18:19:26 86
1.58 910.9 18:19:28 86
1.69 910.9 18:19:30 86
1.61 911 18:19:32 86
1.65 910.9 18:19:34 86
1.52 910.9 18:19:36 86
1.40 910.9 18:19:38 86
1.75 910.9 18:19:40 86
1.60 910.9 18:19:42 86
1.55 910.9 18:19:45 86
1.39 910.9 18:19:47 86
1.38 910.9 18:19:49 86
1.63 910.9 18:19:51 86
1.39 910.9 18:19:53 86
1.68 910.9 18:19:55 86
1.48 910.9 18:19:57 86
1.57 910.9 18:19:59 86
1.60 911.1 18:20:01 86
1.58 911 18:20:03 86
1.72 911 18:20:05 86
1.52 911 18:20:07 86
1.53 911 18:20:09 86
1.39 911 18:20:11 86
1.39 911 18:20:13 86
1.59 911 18:20:15 86
1.34 911 18:20:17 86
1.62 911 18:20:20 86
1.54 911 18:20:22 86
1.53 911 18:20:24 86
1.66 911 18:20:26 86
1.64 911 18:20:28 86
1.69 911 18:20:30 86
1.74 911 18:20:32 86
1.55 911 18:20:34 86
1.53 911 18:20:36 86
1.47 911 18:20:38 86
1.70 911 18:20:40 86
1.80 911 18:20:42 86
1.45 911 18:20:44 86
1.54 911 18:20:46 86
1.41 911 18:20:48 86
1.66 911 18:20:50 86
1.39 911.1 18:20:52 86
1.59 911 18:20:55 86
1.64 911 18:20:57 86
1.49 911 18:20:59 86
1.81 911 18:21:01 86
1.53 911 18:21:03 86
1.64 911 18:21:05 86
1.55 911 18:21:07 86
1.48 911 18:21:09 86
1.50 911 18:21:11 86
1.48 911 18:21:13 86
1.58 911 18:21:15 86
1.47 911 18:21:17 86
1.53 911.1 18:21:19 86
1.49 911.1 18:21:21 86
1.56 911.1 18:21:23 86
1.63 911.1 18:21:25 86
1.61 911.1 18:21:27 86
1.75 911.1 18:21:30 86
1.62 911.1 18:21:32 86
1.49 911.1 18:21:34 86
1.71 911.1 18:21:36 86
1.41 911.2 18:21:38 86
1.60 911.1 18:21:40 86
1.71 911.1 18:21:42 86
1.46 911.1 18:21:44 86
1.71 911.1 18:21:46 86
2.44 911.1 18:21:48 86
1.53 911.1 18:21:50 86
1.44 911.1 18:21:52 86
1.67 911.1 18:21:54 86
1.51 911.1 18:21:56 86
1.50 911.1 18:21:58 86
1.61 911.1 18:22:00 86
1.45 911.1 18:22:02 86
1.62 911.1 18:22:04 86
1.45 911.1 18:22:07 86
1.44 911.1 18:22:09 86
1.80 911.1 18:22:11 86
1.64 911.1 18:22:13 86
1.71 911.1 18:22:15 86
1.70 911.2 18:22:17 86
1.54 911.1 18:22:19 86
1.62 911.1 18:22:21 86
1.61 911.1 18:22:23 86
1.48 911.1 18:22:25 86
1.67 911.1 18:22:27 86
1.64 911.1 18:22:29 86
1.67 911.1 18:22:31 86
1.64 911.1 18:22:33 86
1.73 911.3 18:22:35 86
1.50 911.1 18:22:37 86
1.54 911.1 18:22:40 86
1.63 911.1 18:22:42 86
1.60 911.3 18:22:44 86
1.73 911.2 18:22:46 86
1.50 911.2 18:22:48 86
1.61 911.2 18:22:50 86
1.60 911.2 18:22:52 86
1.58 911.2 18:22:54 86
1.67 911.2 18:22:56 86
1.55 911.2 18:22:58 86
1.76 911.2 18:23:00 86
1.69 911.3 18:23:02 86
1.62 911.3 18:23:04 86
1.51 911.2 18:23:06 86
1.50 911.2 18:23:08 86
1.77 911.2 18:23:10 86
1.70 911.2 18:23:12 86
1.68 911.2 18:23:15 86
1.54 911.2 18:23:17 86
1.53 911.2 18:23:19 86
1.71 911.2 18:23:21 86
1.64 911.2 18:23:23 86
1.62 911.2 18:23:25 86
1.75 911.2 18:23:27 86
1.66 911.2 18:23:29 86
1.96 911.2 18:23:31 86
1.52 911.2 18:23:33 86
1.79 911.2 18:23:35 86
1.46 911.3 18:23:37 86
1.57 911.2 18:23:39 86
1.76 911.2 18:23:41 86
1.65 911.2 18:23:43 86
1.76 911.2 18:23:45 86
1.55 911.2 18:23:47 86
1.72 911.2 18:23:50 86
1.84 911.2 18:23:52 86
1.92 911.2 18:23:54 86
1.79 911.2 18:23:56 86
1.54 911.2 18:23:58 86
1.64 911.2 18:24:00 86
1.61 911.2 18:24:02 86
1.62 911.2 18:24:04 86
1.69 911.2 18:24:06 86
1.44 911.2 18:24:08 86
1.75 911.4 18:24:10 86
1.67 911.3 18:24:12 86
1.62 911.3 18:24:14 86
1.51 911.3 18:24:16 86
1.54 911.3 18:24:18 86
1.63 911.3 18:24:20 86
1.63 911.3 18:24:22 86
1.47 911.3 18:24:25 86
1.61 911.3 18:24:27 86
1.56 911.3 18:24:29 86
1.70 911.3 18:24:31 86
1.45 911.3 18:24:33 86
1.65 911.3 18:24:35 86
1.49 911.3 18:24:37 86
1.51 911.3 18:24:39 86
1.65 911.3 18:24:41 86
1.54 911.3 18:24:43 86
1.59 911.3 18:24:45 86
1.51 911.3 18:24:47 86
1.57 911.3 18:24:49 86
1.48 911.3 18:24:51 86
1.49 911.3 18:24:53 86
1.79 911.3 18:24:55 86
1.47 911.3 18:24:57 86
1.60 911.3 18:25:00 86
1.50 911.3 18:25:02 86
1.50 911.3 18:25:04 86
1.69 911.3 18:25:06 86
1.37 911.3 18:25:08 86
1.59 911.3 18:25:10 86
1.53 911.3 18:25:12 86
1.49 911.3 18:25:14 86
1.61 911.3 18:25:16 86
1.50 911.3 18:25:18 86
1.63 911.3 18:25:20 86
1.69 911.3 18:25:22 86
1.58 911.3 18:25:24 86
1.58 911.3 18:25:26 86
1.59 911.3 18:25:28 86
1.70 911.3 18:25:30 86
1.54 911.4 18:25:32 86
1.48 911.4 18:25:35 86
1.46 911.4 18:25:37 86
1.62 911.4 18:25:39 86
1.63 911.4 18:25:41 86
1.66 911.5 18:25:43 86
1.52 911.4 18:25:45 86
1.44 911.4 18:25:47 86
1.52 911.4 18:25:49 86
1.49 911.4 18:25:51 86
1.42 911.4 18:25:53 86
1.67 911.4 18:25:55 86
1.54 911.4 18:25:57 86
1.59 911.4 18:25:59 86
1.46 911.4 18:26:01 86
1.47 911.4 18:26:03 86
1.67 911.4 18:26:05 86
1.54 911.4 18:26:07 86
1.69 911.4 18:26:10 86
1.62 911.4 18:26:12 86
1.38 911.4 18:26:14 86
1.65 911.4 18:26:16 86
1.46 911.4 18:26:18 86
1.73 911.4 18:26:20 86
1.63 911.4 18:26:22 86
1.49 911.4 18:26:24 86
1.74 911.4 18:26:26 86
1.53 911.4 18:26:28 86
1.69 911.4 18:26:30 86
1.53 911.4 18:26:32 86
1.67 911.4 18:26:34 86
1.48 911.4 18:26:36 86
1.38 911.4 18:26:38 86
1.66 911.4 18:26:40 86
1.62 911.4 18:26:42 86
1.61 911.4 18:26:45 86
1.36 911.4 18:26:47 86
1.42 911.4 18:26:49 86
1.69 911.4 18:26:51 86
1.39 911.4 18:26:53 86
1.57 911.4 18:26:55 86
1.52 911.5 18:26:57 86
1.55 911.5 18:26:59 86
1.62 911.5 18:27:01 86
1.46 911.5 18:27:03 86
1.64 911.5 18:27:05 86
1.46 911.5 18:27:07 86
1.46 911.5 18:27:09 86
1.37 911.5 18:27:11 86
1.40 911.5 18:27:13 86
1.70 911.5 18:27:15 86
1.44 911.5 18:27:17 86
1.65 911.5 18:27:20 86
1.58 911.5 18:27:22 86
1.53 911.5 18:27:24 86
1.62 911.5 18:27:26 86
1.64 911.5 18:27:28 86
1.60 911.5 18:27:30 86
1.75 911.5 18:27:32 86
1.60 911.5 18:27:34 86
1.59 911.5 18:27:36 86
1.38 911.5 18:27:38 86
1.69 911.5 18:27:40 86
1.79 911.5 18:27:42 86
1.73 911.5 18:27:44 86
1.60 911.5 18:27:46 86
1.55 911.5 18:27:48 86
1.63 911.5 18:27:50 86
1.46 911.5 18:27:52 86
1.67 911.5 18:27:55 86
1.53 911.5 18:27:57 86
1.65 911.5 18:27:59 86
1.63 911.5 18:28:01 86
1.44 911.5 18:28:03 86
1.64 911.5 18:28:05 86
1.51 911.7 18:28:07 86
1.59 911.5 18:28:09 86
1.69 911.5 18:28:11 86
1.62 911.5 18:28:13 86
1.49 911.5 18:28:15 86
1.39 911.5 18:28:17 86
1.57 911.5 18:28:19 86
1.44 911.6 18:28:21 86
1.49 911.6 18:28:23 86
1.66 911.6 18:28:25 86
1.57 911.6 18:28:27 86
1.40 911.6 18:28:29 86
1.59 911.6 18:28:32 86
1.47 911.6 18:28:34 86
1.70 911.6 18:28:36 86
1.44 911.6 18:28:38 86
1.54 911.6 18:28:40 86
1.56 911.6 18:28:42 86
1.50 911.6 18:28:44 86
1.58 911.6 18:28:46 86
1.45 911.6 18:28:48 86
1.71 911.7 18:28:50 86
1.57 911.6 18:28:52 86
1.65 911.6 18:28:54 86
1.62 911.6 18:28:56 86
1.54 911.6 18:28:58 86
1.87 911.6 18:29:00 86
1.69 911.6 18:29:02 86
1.47 911.6 18:29:04 86
1.56 911.6 18:29:06 86
1.55 911.6 18:29:09 86
1.74 911.6 18:29:11 86
1.52 911.6 18:29:13 86
1.63 911.6 18:29:15 86
1.44 911.6 18:29:17 86
1.49 911.6 18:29:19 86
1.59 911.6 18:29:21 86
1.62 911.6 18:29:23 86
1.46 911.6 18:29:25 86
1.64 911.6 18:29:27 86
1.59 911.6 18:29:29 86
1.55 911.6 18:29:31 86
1.45 911.6 18:29:33 86
1.62 911.6 18:29:35 86
1.40 911.6 18:29:37 86
1.51 911.6 18:29:39 86
1.51 911.6 18:29:41 86
1.46 911.6 18:29:43 86
1.69 911.6 18:29:46 86
1.46 911.6 18:29:48 86
1.57 911.7 18:29:50 86
1.42 911.7 18:29:52 86
1.45 911.8 18:29:54 86
1.61 911.8 18:29:56 86
1.50 911.9 18:29:58 86
1.64 912 18:30:00 86
1.54 912.1 18:30:02 86
1.57 912.1 18:30:04 86
1.61 912.1 18:30:06 86
1.49 912.1 18:30:08 86
1.76 912.1 18:30:10 86
1.70 912.1 18:30:12 86
1.64 912.1 18:30:14 86
1.57 912.2 18:30:16 86
1.61 912.1 18:30:18 86
1.72 912.1 18:30:21 86
1.61 912.1 18:30:23 86
1.44 912.1 18:30:25 86
1.67 912.1 18:30:27 86
1.57 912.1 18:30:29 86
1.57 912.1 18:30:31 86
1.50 912.1 18:30:33 86
1.56 912.2 18:30:35 86
1.62 912.1 18:30:37 86
1.48 912.1 18:30:39 86
1.48 912.1 18:30:41 86
1.47 912.1 18:30:43 86
1.66 912.1 18:30:45 86
1.47 912.1 18:30:47 86
1.61 912.1 18:30:49 86
1.46 912.1 18:30:51 86
1.42 912.1 18:30:53 86
1.71 912.1 18:30:56 86
1.48 912.3 18:30:58 86
1.51 912.1 18:31:00 86
1.63 912.1 18:31:02 86
1.48 912.3 18:31:04 86
1.60 912.1 18:31:06 86
1.53 912.2 18:31:08 86
1.57 912.2 18:31:10 86
1.58 912.2 18:31:12 86
1.64 912.2 18:31:14 86
1.70 912.2 18:31:16 86
1.60 912.2 18:31:18 86
1.69 912.2 18:31:20 86
1.63 912.2 18:31:22 86
1.48 912.2 18:31:24 86
1.64 912.2 18:31:26 86
1.59 912.2 18:31:28 86
1.69 912.2 18:31:31 86
1.48 912.2 18:31:33 86
1.59 912.2 18:31:35 86
1.66 912.2 18:31:37 86
1.49 912.2 18:31:39 86
1.71 912.2 18:31:41 86
1.54 912.2 18:31:43 86
1.57 912.2 18:31:45 86
1.46 912.2 18:31:47 86
1.56 912.2 18:31:49 86
1.59 912.2 18:31:51 86
1.50 912.2 18:31:53 86
1.75 912.2 18:31:55 86
1.64 912.2 18:31:57 86
1.70 912.2 18:31:59 86
1.49 912.2 18:32:01 86
1.50 912.2 18:32:03 86
1.61 912.2 18:32:05 86
1.39 912.4 18:32:08 86
1.62 912.2 18:32:10 86
1.44 912.2 18:32:12 86
1.41 912.2 18:32:14 86
1.67 912.3 18:32:16 86
1.36 912.3 18:32:18 86
1.66 912.3 18:32:20 86
1.70 912.3 18:32:22 86
1.60 912.3 18:32:24 86
1.82 912.3 18:32:26 86
1.51 912.3 18:32:28 86
1.59 912.3 18:32:30 86
1.67 912.3 18:32:32 86
1.58 912.3 18:32:34 86
1.56 912.3 18:32:36 86
1.47 912.3 18:32:38 86
1.70 912.3 18:32:40 86
1.79 912.5 18:32:42 86
1.58 912.3 18:32:45 86
1.63 912.3 18:32:47 86
1.56 912.3 18:32:49 86
1.68 912.3 18:32:51 86
1.48 912.4 18:32:53 86
1.59 912.3 18:32:55 86
1.51 912.3 18:32:57 86
1.62 912.4 18:32:59 86
1.63 912.3 18:33:01 86
1.58 912.3 18:33:03 86
1.63 912.3 18:33:05 86
1.54 912.3 18:33:07 86
1.53 912.3 18:33:09 86
1.53 912.3 18:33:11 86
1.52 912.3 18:33:13 86
1.65 912.3 18:33:15 86
1.38 912.3 18:33:17 86
1.46 912.3 18:33:20 86
1.60 912.3 18:33:22 86
1.58 912.3 18:33:24 86
1.78 912.3 18:33:26 86
1.57 912.3 18:33:28 86
1.57 912.3 18:33:30 86
1.68 912.4 18:33:32 86
1.52 912.4 18:33:34 86
1.60 912.4 18:33:36 86
1.48 912.4 18:33:38 86
1.64 912.4 18:33:40 86
1.64 912.4 18:33:42 86
1.67 912.4 18:33:44 86
1.44 912.4 18:33:46 86
1.46 912.4 18:33:48 86
1.72 912.4 18:33:50 86
1.41 912.4 18:33:52 86
1.81 912.4 18:33:54 86
1.56 912.4 18:33:57 86
1.55 912.4 18:33:59 86
1.68 912.4 18:34:01 86
1.45 912.4 18:34:03 86
1.58 912.4 18:34:05 86
1.52 912.4 18:34:07 86
1.67 912.4 18:34:09 86
1.72 912.4 18:34:11 86
1.54 912.5 18:34:13 86
1.64 912.4 18:34:15 86
1.52 912.4 18:34:17 86
1.55 912.4 18:34:19 86
1.66 912.4 18:34:21 86
1.63 912.4 18:34:23 86
1.71 912.6 18:34:25 86
1.71 912.5 18:34:27 86
1.67 912.5 18:34:30 86
1.84 912.5 18:34:32 86
1.63 912.5 18:34:34 86
1.84 912.5 18:34:36 86
1.73 912.7 18:34:38 86
1.83 912.7 18:34:40 86
1.77 912.7 18:34:42 86
1.73 912.8 18:34:44 86
1.88 912.8 18:34:46 86
1.75 913 18:34:48 86
1.70 913.2 18:34:50 86
1.70 913.3 18:34:52 86
1.85 913.6 18:34:54 86
1.64 913.7 18:34:56 86
1.89 913.9 18:34:58 86
2.03 914.2 18:35:00 86
1.81 914.7 18:35:03 86
2.11 914.8 18:35:05 86
1.86 915 18:35:07 86
1.74 915.2 18:35:09 86
1.97 915.4 18:35:11 86
1.85 915.5 18:35:13 86
1.95 915.6 18:35:15 86
1.77 915.6 18:35:17 86
1.85 915.6 18:35:19 86
1.68 915.9 18:35:21 86
1.75 916.2 18:35:23 86
1.86 916.7 18:35:25 86
1.86 917.2 18:35:27 86
1.79 917.7 18:35:29 86
2.01 918.3 18:35:31 86
1.91 918.8 18:35:33 86
2.13 919.1 18:35:36 86
1.75 919.6 18:35:38 86
1.77 920.1 18:35:40 86
1.90 920.6 18:35:42 86
1.89 921.1 18:35:44 86
1.82 921.5 18:35:46 86
1.68 922 18:35:48 86
1.88 922.5 18:35:50 86
1.91 923 18:35:52 86
1.82 923.4 18:35:54 86
1.94 924.1 18:35:56 86
1.81 924.4 18:35:58 86
1.91 924.9 18:36:00 86
1.84 925.4 18:36:02 86
1.92 925.9 18:36:04 86
1.75 926.4 18:36:06 86
1.96 926.8 18:36:09 86
2.00 927.4 18:36:11 86
1.72 927.8 18:36:13 86
1.62 928.2 18:36:15 86
1.60 928.7 18:36:17 86
1.70 929.2 18:36:19 86
1.78 929.8 18:36:21 86
1.87 930.2 18:36:23 86
1.60 930.6 18:36:25 86
1.91 931.3 18:36:27 86
1.67 931.6 18:36:29 86
1.89 932.4 18:36:31 86
1.70 932.7 18:36:33 86
1.75 933.1 18:36:35 86
1.61 933.6 18:36:37 86
1.69 934.1 18:36:39 86
1.73 934.6 18:36:42 86
1.70 935.2 18:36:44 86
1.81 935.5 18:36:46 86
1.45 936 18:36:48 86
1.55 936.5 18:36:50 86
1.68 937.1 18:36:52 86
1.74 937.5 18:36:54 86
1.75 938 18:36:56 86
1.57 938.4 18:36:58 86
1.60 938.9 18:37:00 86
1.66 939.4 18:37:02 86
1.80 939.8 18:37:04 86
1.69 940.3 18:37:06 86
1.48 940.8 18:37:08 86
1.71 941.3 18:37:10 86
1.72 941.8 18:37:12 86
1.74 942.3 18:37:14 86
1.63 942.7 18:37:17 86
1.60 943.2 18:37:19 86
1.77 943.7 18:37:21 86
1.66 944.4 18:37:23 86
1.56 944.7 18:37:25 86
1.79 945.2 18:37:27 86
1.59 945.7 18:37:29 86
2.05 946.2 18:37:31 86
1.59 946.7 18:37:33 86
1.71 947.2 18:37:35 86
1.54 947.6 18:37:37 86
1.66 948.3 18:37:39 86
1.58 948.6 18:37:41 86
1.57 949.1 18:37:43 86
1.78 949.6 18:37:45 86
1.45 950 18:37:47 86
1.69 950.6 18:37:49 86
1.53 951.2 18:37:52 86
1.63 951.5 18:37:54 86
1.84 952 18:37:56 86
1.56 952.6 18:37:58 86
1.68 953.1 18:38:00 86
1.50 953.5 18:38:02 86
1.64 953.9 18:38:04 86
1.64 954.5 18:38:06 86
2.65 955 18:38:08 86
1.62 955.3 18:38:10 86
1.63 955.9 18:38:12 86
1.70 956.4 18:38:14 86
1.59 956.9 18:38:16 86
1.50 957.4 18:38:18 86
1.81 957.8 18:38:20 86
1.71 958.3 18:38:22 86
1.55 958.8 18:38:24 86
1.68 959.3 18:38:27 86
1.59 959.9 18:38:29 86
1.79 960.3 18:38:31 86
1.50 960.8 18:38:33 86
1.68 961.3 18:38:35 86
1.64 961.9 18:38:37 86
1.53 962.3 18:38:39 86
1.73 962.8 18:38:41 86
1.54 963.3 18:38:43 86
1.60 963.8 18:38:45 86
1.64 964.3 18:38:47 86
1.62 964.9 18:38:49 86
1.59 965.3 18:38:51 86
1.45 965.7 18:38:53 86
1.79 966.5 18:38:55 86
1.66 966.8 18:38:57 86
2.04 967.2 18:38:59 86
1.53 967.7 18:39:02 86
1.64 968.1 18:39:04 86
1.93 968.7 18:39:06 86
1.62 969.1 18:39:08 86
1.64 969.7 18:39:10 86
1.60 970.3 18:39:12 86
1.61 970.6 18:39:14 86
1.64 971.2 18:39:16 86
1.49 971.6 18:39:18 86
1.57 972.1 18:39:20 86
1.75 972.6 18:39:22 86
1.55 973.1 18:39:24 86
1.64 973.7 18:39:26 86
1.55 974.1 18:39:28 86
1.74 974.7 18:39:30 86
1.62 975 18:39:32 86
1.63 975.5 18:39:34 86
1.49 976.2 18:39:36 86
1.51 976.6 18:39:39 86
1.74 977 18:39:41 86
1.63 977.6 18:39:43 86
1.58 978 18:39:45 86
1.56 978.5 18:39:47 86
1.57 979.1 18:39:49 86
1.62 979.4 18:39:51 86
1.50 979.9 18:39:53 86
1.67 980.5 18:39:55 86
1.60 980.9 18:39:57 86
1.76 981.5 18:39:59 86
1.59 982 18:40:01 86
1.55 982.4 18:40:03 86
1.73 983 18:40:05 86
1.55 983.4 18:40:07 86
1.65 983.8 18:40:09 86
1.68 984.5 18:40:11 86
1.65 985 18:40:14 86
1.79 985.3 18:40:16 86
1.58 985.9 18:40:18 86
1.61 986.6 18:40:20 86
1.67 986.8 18:40:22 86
1.56 987.3 18:40:24 86
1.74 987.8 18:40:26 86
1.65 988.3 18:40:28 86
1.66 988.9 18:40:30 86
1.63 989.2 18:40:32 86
1.65 989.7 18:40:34 86
1.44 990.2 18:40:36 86
1.53 990.8 18:40:38 86
1.83 991.2 18:40:40 86
1.74 992 18:40:42 86
1.57 992.2 18:40:44 86
1.57 992.7 18:40:46 86
1.50 993.2 18:40:49 86
1.72 993.8 18:40:51 86
1.55 994.2 18:40:53 86
1.65 994.9 18:40:55 86
1.65 995.2 18:40:57 86
1.73 995.7 18:40:59 86
1.58 996.3 18:41:01 86
1.62 996.7 18:41:03 86
1.60 997.2 18:41:05 86
1.75 997.7 18:41:07 86
1.78 998.2 18:41:09 86
1.70 999 18:41:11 86
1.63 999.2 18:41:13 86
1.77 999.7 18:41:15 86
1.50 1000 18:41:17 86
1.63 1001 18:41:19 86
1.54 1001 18:41:21 86
1.64 1002 18:41:23 86
1.77 1002 18:41:26 86
1.73 1003 18:41:28 86
1.68 1003 18:41:30 86
1.72 1004 18:41:32 86
1.71 1004 18:41:34 86
1.86 1005 18:41:36 86
1.61 1005 18:41:38 86
1.60 1006 18:41:40 86
1.61 1006 18:41:42 86
1.63 1007 18:41:44 86
1.53 1007 18:41:46 86
1.58 1008 18:41:48 86
1.66 1008 18:41:50 86
1.41 1010 18:41:52 86
1.45 1010 18:41:54 86
1.42 1010 18:41:56 86
1.44 1010 18:41:58 86
1.55 1010 18:42:01 86
1.26 1010 18:42:03 86
1.40 1010 18:42:05 86
1.34 1010 18:42:07 86
1.41 1010 18:42:09 86
1.57 1010 18:42:11 86
1.34 1010 18:42:13 86
1.52 1010 18:42:15 86
1.44 1010 18:42:17 86
1.45 1010 18:42:19 86
1.44 1010 18:42:21 86
1.47 1010 18:42:23 86
1.43 1010 18:42:25 86
1.57 1010 18:42:27 86
1.47 1010 18:42:29 86
1.43 1010 18:42:31 86
1.48 1010 18:42:33 86
1.71 1010 18:42:35 86
1.31 1010 18:42:38 86
1.59 1010 18:42:40 86
1.42 1010 18:42:42 86
1.55 1010 18:42:44 86
1.59 1010 18:42:46 86
1.35 1010 18:42:48 86
1.66 1010 18:42:50 86
1.45 1010 18:42:52 86
1.43 1010 18:42:54 86
1.62 1010 18:42:56 86
1.36 1010 18:42:58 86
1.48 1010 18:43:00 86
1.46 1010 18:43:02 86
1.56 1010 18:43:04 86
1.38 1010 18:43:06 86
1.48 1010 18:43:08 86
1.56 1010 18:43:10 86
1.38 1010 18:43:12 86
1.46 1010 18:43:15 86
1.40 1010 18:43:17 86
1.34 1010 18:43:19 86
1.64 1010 18:43:21 86
1.48 1010 18:43:23 86
1.35 1010 18:43:25 86
1.50 1010 18:43:27 86
1.55 1010 18:43:29 86
1.91 1010 18:43:31 86
1.47 1010 18:43:33 86
1.55 1010 18:43:35 86
1.36 1010 18:43:37 86
1.43 1010 18:43:39 86
1.38 1010 18:43:41 86
1.35 1010 18:43:43 86
1.63 1010 18:43:45 86
1.40 1010 18:43:47 86
1.58 1010 18:43:50 86
1.43 1010 18:43:52 86
1.42 1010 18:43:54 86
1.77 1010 18:43:56 86
1.48 1010 18:43:58 86
1.64 1010 18:44:00 86
1.44 1010 18:44:02 86
1.60 1010 18:44:04 86
1.62 1010 18:44:06 86
1.39 1010 18:44:08 86
1.59 1010 18:44:10 86
1.55 1010 18:44:12 86
1.45 1010 18:44:14 86
1.44 1010 18:44:16 86
1.36 1010 18:44:18 86
1.57 1010 18:44:20 86
1.52 1010 18:44:22 86
1.36 1010 18:44:25 86
1.58 1010 18:44:27 86
1.37 1010 18:44:29 86
1.58 1010 18:44:31 86
1.37 1010 18:44:33 86
1.51 1010 18:44:35 86
1.40 1010 18:44:37 86
1.50 1010 18:44:39 86
1.47 1010 18:44:41 86
1.40 1010 18:44:43 86
1.53 1010 18:44:45 86
1.39 1010 18:44:47 86
1.59 1010 18:44:49 86
1.38 1010 18:44:51 86
1.48 1010 18:44:53 86
1.66 1010 18:44:55 86
1.52 1010 18:44:57 86
1.49 1010 18:44:59 86
1.46 1010 18:45:02 86
1.43 1010 18:45:04 86
1.58 1010 18:45:06 86
1.44 1010 18:45:08 86
1.51 1010 18:45:10 86
1.59 1010 18:45:12 86
1.52 1010 18:45:14 86
2.03 1010 18:45:16 86
1.41 1010 18:45:18 86
1.49 1010 18:45:20 86
1.66 1010 18:45:22 86
1.48 1010 18:45:24 86
1.60 1010 18:45:26 86
1.50 1010 18:45:28 86
1.62 1010 18:45:30 86
1.45 1010 18:45:32 86
1.45 1010 18:45:35 86
1.42 1010 18:45:37 86
1.42 1010 18:45:39 86
1.61 1010 18:45:41 86
1.48 1010 18:45:43 86
1.44 1010 18:45:45 86
1.39 1010 18:45:47 86
1.48 1010 18:45:49 86
1.47 1010 18:45:51 86
1.44 1010 18:45:53 86
1.44 1010 18:45:55 86
1.43 1010 18:45:57 86
1.62 1010 18:45:59 86
1.43 1010 18:46:01 86
1.53 1010 18:46:03 86
1.64 1010 18:46:05 86
1.38 1010 18:46:07 86
1.51 1010 18:46:09 86
1.45 1010 18:46:12 86
1.45 1010 18:46:14 86
1.61 1010 18:46:16 86
1.48 1010 18:46:18 86
1.53 1010 18:46:20 86
1.51 1010 18:46:22 86
1.48 1010 18:46:24 86
1.66 1010 18:46:26 86
1.47 1010 18:46:28 86
1.46 1010 18:46:30 86
1.52 1010 18:46:32 86
1.60 1010 18:46:34 86
1.47 1010 18:46:36 86
1.40 1010 18:46:38 86
1.54 1010 18:46:40 86
1.49 1010 18:46:42 86
1.48 1010 18:46:44 86
1.46 1010 18:46:47 86
1.41 1010 18:46:49 86
1.58 1010 18:46:51 86
1.40 1010 18:46:53 86
1.52 1010 18:46:55 86
1.42 1010 18:46:57 86
1.47 1010 18:46:59 86
1.55 1010 18:47:01 86
1.42 1010 18:47:03 86
1.45 1010 18:47:05 86
1.36 1010 18:47:07 86
1.55 1010 18:47:09 86
1.43 1010 18:47:11 86
1.46 1010 18:47:13 86
1.53 1010 18:47:15 86
1.35 1010 18:47:17 86
1.49 1010 18:47:19 86
1.38 1010 18:47:22 86
1.56 1010 18:47:24 86
1.60 1010 18:47:26 86
1.48 1010 18:47:28 86
1.49 1010 18:47:30 86
1.56 1010 18:47:32 86
1.39 1010 18:47:34 86
1.64 1010 18:47:36 86
1.60 1010 18:47:38 86
1.71 1010 18:47:40 86
1.80 1010 18:47:42 86
1.77 1010 18:47:44 86
1.70 1010 18:47:46 86
1.57 1010 18:47:48 86
1.74 1010 18:47:50 86
1.59 1010 18:47:52 86
1.60 1010 18:47:54 86
1.56 1010 18:47:56 86
1.52 1010 18:47:59 86
1.68 1010 18:48:01 86
1.43 1010 18:48:03 86
1.49 1010 18:48:05 86
1.58 1010 18:48:07 86
1.47 1010 18:48:09 86
1.65 1010 18:48:11 86
1.42 1010 18:48:13 86
1.57 1010 18:48:15 86
1.50 1010 18:48:17 86
1.62 1010 18:48:19 86
1.57 1010 18:48:21 86
1.59 1010 18:48:23 86
1.67 1010 18:48:25 86
1.62 1010 18:48:27 86
1.58 1010 18:48:29 86
1.72 1010 18:48:31 86
1.58 1010 18:48:34 86
1.67 1010 18:48:36 86
1.49 1010 18:48:38 86
1.60 1010 18:48:40 86
1.63 1010 18:48:42 86
1.50 1010 18:48:44 86
1.62 1010 18:48:46 86
1.55 1010 18:48:48 86
1.60 1010 18:48:50 86
2.97 1011 18:48:52 86
1.52 1011 18:48:54 86
1.70 1011 18:48:56 86
1.56 1011 18:48:58 86
1.70 1011 18:49:00 86
1.63 1011 18:49:02 86
1.70 1011 18:49:04 86
1.76 1011 18:49:06 86
1.66 1011 18:49:09 86
2.22 1011 18:49:11 86
1.56 1011 18:49:13 86
1.49 1011 18:49:15 86
1.46 1011 18:49:17 86
1.59 1011 18:49:19 86
1.65 1011 18:49:21 86
1.61 1011 18:49:23 86
1.40 1011 18:49:25 86
1.62 1011 18:49:27 86
1.54 1011 18:49:29 86
1.76 1011 18:49:31 86
1.52 1011 18:49:33 86
1.62 1011 18:49:35 86
1.49 1011 18:49:37 86
1.66 1011 18:49:39 86
1.69 1011 18:49:42 86
1.59 1011 18:49:44 86
1.75 1011 18:49:46 86
1.52 1011 18:49:48 86
1.58 1011 18:49:50 86
1.63 1011 18:49:52 86
1.50 1011 18:49:54 86
1.68 1011 18:49:56 86
1.51 1011 18:49:58 86
1.56 1011 18:50:00 86
1.61 1011 18:50:02 86
1.66 1011 18:50:04 86
1.45 1011 18:50:06 86
1.44 1011 18:50:08 86
1.70 1011 18:50:10 86
1.85 1011 18:50:12 86
1.57 1011 18:50:14 86
1.59 1011 18:50:16 86
1.48 1011 18:50:19 86
1.69 1011 18:50:21 86
1.54 1011 18:50:23 86
1.49 1011 18:50:25 86
1.55 1011 18:50:27 86
1.47 1011 18:50:29 86
1.43 1011 18:50:31 86
1.38 1011 18:50:33 86
1.56 1011 18:50:35 86
1.44 1011 18:50:37 86
1.54 1011 18:50:39 86
1.42 1011 18:50:41 86
1.43 1011 18:50:43 86
1.53 1011 18:50:45 86
1.39 1011 18:50:47 86
1.44 1011 18:50:49 86
1.37 1011 18:50:51 86
1.40 1011 18:50:53 86
1.66 1011 18:50:56 86
1.44 1011 18:50:58 86
1.60 1011 18:51:00 86
1.50 1011 18:51:02 86
1.42 1011 18:51:04 86
1.53 1011 18:51:06 86
1.53 1011 18:51:08 86
1.77 1011 18:51:10 86
1.60 1011 18:51:12 86
1.58 1011 18:51:14 86
1.55 1011 18:51:16 86
1.41 1011 18:51:18 86
1.58 1011 18:51:20 86
1.65 1011 18:51:22 86
1.54 1011 18:51:24 86
1.47 1011 18:51:26 86
1.56 1011 18:51:28 86
1.68 1011 18:51:30 86
1.44 1011 18:51:33 86
1.48 1011 18:51:35 86
1.43 1011 18:51:37 86
1.36 1011 18:51:39 86
1.56 1011 18:51:41 86
1.47 1011 18:51:43 86
1.47 1011 18:51:45 86
1.35 1011 18:51:47 86
1.47 1011 18:51:49 86
1.67 1011 18:51:51 86
1.40 1011 18:51:53 86
1.61 1011 18:51:55 86
1.57 1011 18:51:57 86
1.56 1011 18:51:59 86
1.33 1011 18:52:01 86
1.40 1011 18:52:03 86
1.66 1011 18:52:05 86
1.36 1011 18:52:07 86
1.68 1011 18:52:10 86
1.54 1011 18:52:12 86
1.37 1011 18:52:14 86
1.65 1011 18:52:16 86
1.49 1011 18:52:18 86
1.58 1011 18:52:20 86
1.83 1011 18:52:22 86
1.50 1011 18:52:24 86
1.72 1011 18:52:26 86
1.52 1011 18:52:28 86
1.61 1011 18:52:30 86
1.55 1011 18:52:32 86
1.58 1011 18:52:34 86
1.52 1011 18:52:36 86
1.42 1011 18:52:38 86
1.77 1011 18:52:40 86
1.52 1011 18:52:42 86
1.46 1011 18:52:45 86
1.52 1011 18:52:47 86
1.45 1011 18:52:49 86
1.80 1011 18:52:51 86
1.46 1011 18:52:53 86
1.54 1011 18:52:55 86
1.60 1011 18:52:57 86
1.57 1011 18:52:59 86
1.68 1011 18:53:01 86
1.46 1011 18:53:03 86
1.51 1011 18:53:05 86
1.51 1011 18:53:07 86
1.54 1011 18:53:09 86
1.47 1011 18:53:11 86
1.46 1011 18:53:13 86
1.49 1011 18:53:15 86
1.37 1011 18:53:17 86
1.57 1011 18:53:20 86
1.62 1011 18:53:22 86
1.57 1011 18:53:24 86
1.63 1011 18:53:26 86
1.66 1011 18:53:28 86
1.61 1011 18:53:30 86
1.83 1011 18:53:32 86
1.48 1011 18:53:34 86
1.53 1011 18:53:36 86
1.42 1011 18:53:38 86
1.46 1011 18:53:40 86
1.73 1011 18:53:42 86
1.63 1011 18:53:44 86
1.48 1011 18:53:46 86
1.45 1011 18:53:48 86
1.70 1011 18:53:50 86
1.53 1011 18:53:52 86
1.54 1011 18:53:55 86
1.58 1011 18:53:57 86
1.60 1011 18:53:59 86
1.64 1011 18:54:01 86
1.40 1011 18:54:03 86
1.48 1011 18:54:05 86
1.48 1011 18:54:07 86
2.29 1011 18:54:09 86
1.50 1011 18:54:11 86
1.45 1011 18:54:13 86
1.54 1011 18:54:15 86
1.45 1011 18:54:17 86
1.59 1011 18:54:19 86
1.61 1011 18:54:21 86
1.52 1011 18:54:23 86
1.55 1011 18:54:25 86
1.60 1011 18:54:27 86
1.46 1011 18:54:29 86
1.72 1011 18:54:32 86
1.49 1011 18:54:34 86
1.67 1011 18:54:36 86
1.43 1011 18:54:38 86
1.59 1011 18:54:40 86
1.58 1011 18:54:42 86
1.48 1011 18:54:44 86
1.63 1011 18:54:46 86
1.42 1011 18:54:48 86
1.64 1011 18:54:50 86
1.57 1011 18:54:52 86
1.59 1011 18:54:54 86
1.47 1011 18:54:56 86
1.43 1011 18:54:58 86
1.69 1011 18:55:00 86
1.52 1011 18:55:02 86
1.76 1011 18:55:04 86
1.59 1011 18:55:07 86
1.59 1011 18:55:09 86
2.22 1011 18:55:11 86
1.54 1011 18:55:13 86
1.97 1011 18:55:15 86
1.45 1011 18:55:17 86
1.50 1011 18:55:19 86
1.59 1011 18:55:21 86
1.45 1011 18:55:23 86
1.48 1011 18:55:25 86
1.58 1011 18:55:27 86
1.52 1011 18:55:29 86
1.63 1011 18:55:31 86
1.49 1011 18:55:33 86
1.66 1011 18:55:35 86
1.33 1011 18:55:37 86
1.57 1011 18:55:39 86
1.47 1011 18:55:42 86
1.47 1011 18:55:44 86
1.65 1011 18:55:46 86
1.41 1012 18:55:48 86
1.59 1011 18:55:50 86
1.48 1011 18:55:52 86
1.68 1011 18:55:54 86
0.64 1011 18:55:56 86
1.60 1012 18:55:58 86
1.52 1011 18:56:00 86
1.56 1011 18:56:02 86
1.56 1011 18:56:04 86
1.54 1012 18:56:06 86
1.32 1011 18:56:08 86
1.62 1011 18:56:10 86
1.64 1012 18:56:12 86
1.54 1012 18:56:14 86
1.47 1011 18:56:17 86
1.43 1011 18:56:19 86
1.69 1011 18:56:21 86
1.66 1011 18:56:23 86
1.45 1011 18:56:25 86
1.56 1011 18:56:27 86
1.52 1011 18:56:29 86
1.44 1011 18:56:31 86
1.41 1011 18:56:33 86
1.50 1011 18:56:35 86
1.54 1011 18:56:37 86
1.52 1011 18:56:39 86
1.44 1011 18:56:41 86
1.42 1011 18:56:43 86
1.53 1011 18:56:45 86
1.44 1011 18:56:47 86
1.46 1011 18:56:49 86
1.57 1011 18:56:52 86
1.49 1011 18:56:54 86
1.65 1011 18:56:56 86
2.04 1011 18:56:58 86
1.94 1012 18:57:00 86
1.57 1011 18:57:02 86
1.91 1011 18:57:04 86
1.55 1011 18:57:06 86
2.11 1011 18:57:08 86
1.45 1011 18:57:10 86
2.23 1012 18:57:12 86
2.11 1012 18:57:14 86
1.45 1012 18:57:16 86
2.01 1012 18:57:18 86
1.70 1012 18:57:20 86
1.93 1012 18:57:22 86
1.74 1012 18:57:24 86
1.83 1012 18:57:27 86
2.16 1012 18:57:29 86
1.40 1012 18:57:31 86
2.13 1012 18:57:33 86
2.12 1012 18:57:35 86
1.53 1012 18:57:37 86
1.91 1012 18:57:39 86
1.55 1012 18:57:41 86
1.42 1012 18:57:43 86
1.45 1012 18:57:45 86
1.50 1012 18:57:47 86
1.51 1012 18:57:49 86
1.46 1012 18:57:51 86
1.49 1012 18:57:53 86
1.62 1012 18:57:55 86
1.50 1012 18:57:57 86
1.61 1012 18:57:59 86
1.56 1012 18:58:02 86
1.48 1012 18:58:04 86
1.72 1012 18:58:06 118
1.48 1012 18:58:08 118
1.51 1012 18:58:10 118
1.60 1012 18:58:12 118
1.52 1012 18:58:14 118
1.54 1012 18:58:16 118
1.34 1012 18:58:18 118
1.56 1012 18:58:20 118
1.59 1012 18:58:22 118
1.60 1012 18:58:24 118
1.69 1012 18:58:26 118
1.56 1012 18:58:28 118
1.60 1012 18:58:30 118
1.54 1012 18:58:32 118
1.54 1012 18:58:34 118
1.48 1012 18:58:37 118
1.50 1012 18:58:39 118
1.64 1012 18:58:41 118
1.51 1012 18:58:43 118
1.53 1012 18:58:45 118
1.47 1012 18:58:47 118
1.39 1012 18:58:49 118
1.57 1012 18:58:51 118
1.41 1012 18:58:53 118
1.46 1012 18:58:55 118
1.52 1012 18:58:57 118
1.54 1012 18:58:59 118
1.53 1012 18:59:01 118
1.46 1012 18:59:03 118
1.48 1012 18:59:05 118
1.42 1012 18:59:07 118
1.64 1012 18:59:09 118
1.53 1012 18:59:12 118
1.45 1012 18:59:14 118
1.67 1012 18:59:16 118
1.41 1012 18:59:18 118
1.50 1012 18:59:20 118
1.76 1012 18:59:22 118
1.67 1012 18:59:24 118
1.77 1012 18:59:26 118
1.58 1012 18:59:28 118
1.61 1012 18:59:30 118
1.72 1012 18:59:32 118
1.55 1012 18:59:34 118
1.66 1012 18:59:36 118
1.62 1012 18:59:38 118
1.77 1012 18:59:40 118
1.64 1012 18:59:42 118
1.75 1012 18:59:44 118
1.62 1012 18:59:47 118
1.75 1012 18:59:49 118
1.66 1012 18:59:51 118
1.57 1012 18:59:53 118
1.65 1012 18:59:55 118
1.67 1012 18:59:57 118
1.79 1012 18:59:59 118
1.99 1012 19:00:01 118
1.65 1012 19:00:03 118
1.81 1012 19:00:05 118
1.70 1012 19:00:07 118
1.64 1012 19:00:09 118
1.58 1012 19:00:11 118
1.78 1012 19:00:13 118
1.70 1012 19:00:15 118
1.54 1012 19:00:17 118
1.65 1012 19:00:19 118
1.72 1012 19:00:22 118
2.02 1012 19:00:24 118
2.17 1012 19:00:26 118
1.89 1012 19:00:28 118
1.71 1012 19:00:30 118
1.87 1012 19:00:32 118
1.76 1012 19:00:34 118
1.71 1012 19:00:36 118
1.72 1012 19:00:38 118
1.61 1012 19:00:40 118
1.62 1012 19:00:42 118
1.73 1012 19:00:44 118
1.70 1012 19:00:46 118
1.76 1012 19:00:48 118
1.80 1012 19:00:50 118
1.58 1012 19:00:52 118
1.61 1012 19:00:54 118
1.88 1012 19:00:57 118
1.56 1012 19:00:59 118
1.67 1012 19:01:01 118
1.58 1012 19:01:03 118
1.58 1012 19:01:05 118
1.48 1012 19:01:07 118
1.49 1012 19:01:09 118
1.61 1012 19:01:11 118
1.44 1012 19:01:13 118
1.53 1012 19:01:15 118
1.55 1012 19:01:17 118
1.61 1012 19:01:19 118
1.57 1012 19:01:21 118
1.55 1012 19:01:23 118
1.70 1012 19:01:25 118
1.67 1012 19:01:27 118
1.58 1012 19:01:30 118
1.77 1012 19:01:32 118
1.59 1012 19:01:34 118
1.66 1012 19:01:36 118
1.81 1012 19:01:38 118
1.66 1012 19:01:40 118
1.77 1012 19:01:42 118
1.60 1012 19:01:44 118
1.70 1012 19:01:46 118
1.52 1012 19:01:48 118
1.70 1012 19:01:50 118
1.80 1012 19:01:52 118
1.57 1012 19:01:54 118
1.55 1012 19:01:56 118
1.50 1012 19:01:58 118
1.64 1012 19:02:00 118
1.79 1012 19:02:03 118
1.63 1012 19:02:05 118
1.52 1012 19:02:07 118
1.48 1012 19:02:09 118
1.75 1012 19:02:11 118
1.55 1012 19:02:13 118
1.64 1012 19:02:15 118
1.54 1012 19:02:17 118
1.58 1012 19:02:19 118
1.57 1012 19:02:21 118
1.61 1012 19:02:23 118
1.56 1012 19:02:25 118
1.53 1012 19:02:27 118
1.64 1012 19:02:29 118
1.81 1012 19:02:31 118
1.59 1012 19:02:33 118
1.72 1012 19:02:36 118
1.46 1012 19:02:38 118
1.58 1012 19:02:40 118
1.70 1012 19:02:42 118
1.53 1012 19:02:44 118
1.71 1012 19:02:46 118
1.57 1012 19:02:48 118
1.68 1012 19:02:50 118
1.70 1012 19:02:52 118
1.83 1012 19:02:54 118
1.67 1012 19:02:56 118
1.58 1012 19:02:58 118
1.67 1012 19:03:00 118
1.53 1012 19:03:02 118
1.57 1012 19:03:04 118
1.59 1012 19:03:06 118
1.53 1012 19:03:08 118
1.79 1012 19:03:11 118
1.49 1012 19:03:13 118
1.48 1012 19:03:15 118
1.38 1012 19:03:17 118
1.41 1012 19:03:19 118
1.61 1012 19:03:21 118
1.55 1012 19:03:23 118
1.37 1012 19:03:25 118
1.49 1012 19:03:27 118
1.57 1012 19:03:29 118
1.56 1012 19:03:31 118
1.47 1012 19:03:33 118
1.54 1012 19:03:35 118
1.69 1012 19:03:37 118
1.48 1012 19:03:39 118
1.38 1012 19:03:41 118
1.37 1012 19:03:43 118
1.53 1012 19:03:46 118
1.42 1012 19:03:48 118
1.49 1012 19:03:50 118
1.50 1012 19:03:52 118
1.49 1012 19:03:54 118
1.52 1012 19:03:56 118
1.47 1012 19:03:58 118
1.50 1012 19:04:00 118
1.44 1012 19:04:02 118
1.51 1012 19:04:04 118
1.55 1012 19:04:06 118
1.33 1012 19:04:08 118
1.57 1012 19:04:10 118
1.63 1012 19:04:12 118
1.69 1012 19:04:14 118
1.47 1012 19:04:16 118
1.44 1012 19:04:18 118
1.62 1012 19:04:21 118
1.62 1012 19:04:23 118
1.64 1012 19:04:25 118
1.63 1012 19:04:27 118
1.76 1012 19:04:29 118
1.68 1012 19:04:31 118
1.50 1012 19:04:33 118
1.62 1012 19:04:35 118
1.49 1012 19:04:37 118
1.56 1012 19:04:39 118
1.52 1012 19:04:41 118
1.51 1012 19:04:43 118
1.52 1012 19:04:45 118
1.50 1012 19:04:47 118
1.59 1012 19:04:49 118
1.37 1012 19:04:51 118
1.41 1012 19:04:53 118
1.64 1012 19:04:55 118
1.49 1012 19:04:58 118
1.51 1012 19:05:00 118
1.53 1012 19:05:02 118
1.39 1012 19:05:04 118
1.62 1012 19:05:06 118
1.39 1012 19:05:08 118
1.52 1012 19:05:10 118
1.59 1012 19:05:12 118
1.53 1012 19:05:14 118
1.56 1012 19:05:16 118
1.49 1012 19:05:18 118
1.73 1012 19:05:20 118
1.75 1012 19:05:22 118
1.46 1012 19:05:24 118
1.54 1012 19:05:26 118
1.53 1012 19:05:28 118
1.65 1012 19:05:30 118
1.40 1012 19:05:33 118
1.54 1012 19:05:35 118
1.48 1012 19:05:37 118
1.45 1012 19:05:39 118
1.62 1012 19:05:41 118
1.43 1012 19:05:43 118
1.53 1012 19:05:45 118
1.42 1012 19:05:47 118
1.53 1012 19:05:49 118
1.63 1012 19:05:51 118
1.45 1012 19:05:53 118
1.62 1012 19:05:55 118
1.66 1012 19:05:57 118
1.53 1012 19:05:59 118
1.41 1012 19:06:01 118
1.49 1012 19:06:03 118
1.63 1012 19:06:06 118
1.40 1012 19:06:08 118
1.44 1012 19:06:10 118
1.42 1012 19:06:12 118
1.42 1012 19:06:14 118
1.59 1012 19:06:16 118
1.44 1012 19:06:18 118
1.50 1012 19:06:20 118
1.66 1012 19:06:22 118
1.49 1012 19:06:24 118
1.72 1012 19:06:26 118
1.56 1012 19:06:28 118
1.61 1012 19:06:30 118
1.61 1012 19:06:32 118
1.53 1012 19:06:34 118
1.48 1012 19:06:36 118
1.55 1012 19:06:38 118
1.60 1012 19:06:40 118
1.58 1012 19:06:43 118
1.50 1012 19:06:45 118
1.48 1012 19:06:47 118
1.47 1012 19:06:49 118
1.63 1012 19:06:51 118
1.30 1012 19:06:53 118
1.57 1012 19:06:55 118
1.44 1012 19:06:57 118
1.53 1012 19:06:59 118
1.63 1012 19:07:01 118
1.41 1012 19:07:03 118
1.53 1012 19:07:05 118
1.48 1012 19:07:07 118
1.47 1012 19:07:09 118
1.36 1012 19:07:11 118
1.43 1012 19:07:13 118
1.58 1012 19:07:15 118
1.34 1012 19:07:17 118
1.53 1012 19:07:20 118
1.65 1012 19:07:22 118
1.48 1012 19:07:24 118
1.55 1012 19:07:26 118
1.56 1012 19:07:28 118
1.50 1012 19:07:30 118
1.69 1012 19:07:32 118
1.55 1012 19:07:34 118
1.57 1012 19:07:36 118
1.38 1012 19:07:38 118
1.59 1012 19:07:40 118
1.59 1012 19:07:42 118
1.55 1012 19:07:44 118
1.47 1012 19:07:46 118
1.41 1012 19:07:48 118
1.58 1012 19:07:50 118
1.35 1012 19:07:52 118
1.58 1012 19:07:54 118
1.58 1012 19:07:57 118
1.45 1012 19:07:59 118
1.63 1012 19:08:01 118
1.41 1012 19:08:03 118
1.50 1012 19:08:05 118
1.51 1012 19:08:07 118
1.45 1012 19:08:09 118
1.52 1012 19:08:11 118
1.51 1012 19:08:13 118
1.52 1012 19:08:15 118
1.41 1012 19:08:17 118
1.49 1012 19:08:19 118
1.38 1012 19:08:21 118
1.56 1012 19:08:23 118
1.52 1012 19:08:25 118
1.60 1012 19:08:27 118
1.58 1012 19:08:29 118
1.64 1012 19:08:32 118
1.57 1012 19:08:34 118
1.63 1012 19:08:36 118
1.43 1012 19:08:38 118
1.55 1012 19:08:40 118
1.57 1012 19:08:42 118
1.43 1012 19:08:44 118
1.51 1012 19:08:46 118
1.35 1012 19:08:48 118
1.59 1012 19:08:50 118
1.41 1012 19:08:52 118
1.58 1012 19:08:54 118
1.57 1012 19:08:56 118
1.34 1013 19:08:58 118
1.65 1012 19:09:00 118
1.48 1012 19:09:02 118
1.61 1012 19:09:04 118
1.48 1012 19:09:07 118
1.47 1012 19:09:09 118
1.64 1012 19:09:11 118
1.51 1012 19:09:13 118
1.55 1012 19:09:15 118
1.41 1012 19:09:17 118
1.55 1012 19:09:19 118
1.62 1012 19:09:21 118
1.60 1012 19:09:23 118
1.52 1012 19:09:25 118
1.61 1012 19:09:27 118
1.59 1012 19:09:29 118
1.73 1012 19:09:31 118
1.49 1012 19:09:33 118
1.71 1012 19:09:35 118
1.50 1012 19:09:37 118
1.50 1012 19:09:39 118
1.39 1012 19:09:41 118
1.37 1012 19:09:44 118
1.59 1012 19:09:46 118
1.38 1012 19:09:48 118
1.55 1012 19:09:50 118
1.50 1012 19:09:52 118
1.43 1012 19:09:54 118
1.67 1012 19:09:56 118
1.46 1012 19:09:58 118
1.58 1012 19:10:00 118
1.50 1012 19:10:02 118
1.68 1012 19:10:04 118
1.52 1012 19:10:06 118
1.50 1012 19:10:08 118
1.67 1012 19:10:10 118
1.63 1012 19:10:12 118
1.57 1012 19:10:14 118
1.57 1012 19:10:16 118
1.57 1012 19:10:18 118
1.66 1012 19:10:21 118
1.55 1013 19:10:23 118
1.34 1012 19:10:25 118
1.66 1012 19:10:27 118
1.58 1012 19:10:29 118
1.53 1012 19:10:31 118
1.49 1012 19:10:33 118
1.46 1012 19:10:35 118
1.46 1012 19:10:37 118
1.45 1012 19:10:39 118
1.47 1012 19:10:41 118
1.52 1013 19:10:43 118
1.64 1013 19:10:45 118
1.41 1012 19:10:47 118
1.47 1013 19:10:49 118
1.37 1012 19:10:51 118
1.42 1012 19:10:53 118
1.62 1012 19:10:56 118
1.40 1012 19:10:58 118
1.55 1012 19:11:00 118
1.48 1012 19:11:02 118
1.48 1012 19:11:04 118
1.64 1012 19:11:06 118
1.50 1012 19:11:08 118
1.49 1012 19:11:10 118
1.59 1012 19:11:12 118
1.51 1012 19:11:14 118
1.61 1012 19:11:16 118
1.39 1012 19:11:18 118
1.62 1012 19:11:20 118
1.72 1012 19:11:22 118
1.46 1013 19:11:24 118
1.61 1012 19:11:26 118
1.47 1012 19:11:28 118
1.77 1012 19:11:30 118
1.37 1013 19:11:32 118
1.46 1013 19:11:35 118
1.56 1013 19:11:37 118
1.58 1013 19:11:39 118
1.74 1013 19:11:41 118
1.52 1013 19:11:43 118
1.47 1013 19:11:45 118
1.45 1013 19:11:47 118
1.53 1013 19:11:49 118
1.70 1013 19:11:51 118
1.53 1013 19:11:53 118
1.56 1013 19:11:55 118
1.56 1013 19:11:57 118
1.57 1013 19:11:59 118
1.48 1013 19:12:01 118
1.58 1013 19:12:03 118
1.70 1013 19:12:05 118
1.49 1013 19:12:07 118
1.55 1013 19:12:10 118
1.48 1013 19:12:12 118
1.38 1013 19:12:14 118
1.56 1013 19:12:16 118
1.42 1013 19:12:18 118
1.53 1013 19:12:20 118
1.50 1013 19:12:22 118
1.47 1013 19:12:24 118
1.64 1013 19:12:26 118
1.44 1013 19:12:28 118
1.54 1013 19:12:30 118
1.63 1013 19:12:32 118
1.54 1013 19:12:34 118
1.52 1013 19:12:36 118
1.38 1013 19:12:38 118
1.64 1013 19:12:40 118
1.56 1013 19:12:42 118
1.59 1013 19:12:44 118
1.56 1013 19:12:47 118
1.68 1013 19:12:49 118
1.62 1013 19:12:51 118
1.40 1013 19:12:53 118
1.56 1013 19:12:55 118
1.39 1013 19:12:57 118
1.48 1013 19:12:59 118
1.63 1013 19:13:01 118
1.55 1013 19:13:03 118
1.67 1013 19:13:05 118
1.62 1013 19:13:07 118
1.66 1013 19:13:09 118
1.76 1013 19:13:11 118
1.63 1013 19:13:13 118
1.71 1013 19:13:15 118
1.62 1013 19:13:17 118
1.60 1013 19:13:19 118
1.75 1013 19:13:22 118
1.61 1013 19:13:24 118
1.63 1013 19:13:26 118
1.64 1013 19:13:28 118
1.56 1013 19:13:30 118
1.72 1013 19:13:32 118
1.69 1013 19:13:34 118
1.62 1013 19:13:36 118
1.53 1013 19:13:38 118
1.57 1013 19:13:40 118
1.92 1013 19:13:42 118
1.66 1013 19:13:44 118
1.72 1013 19:13:46 118
1.64 1013 19:13:48 118
1.65 1013 19:13:50 118
1.65 1013 19:13:52 118
1.77 1013 19:13:54 118
1.82 1013 19:13:57 118
1.73 1013 19:13:59 118
1.78 1013 19:14:01 118
1.70 1013 19:14:03 118
1.66 1013 19:14:05 118
1.62 1013 19:14:07 118
2.37 1013 19:14:09 118
1.72 1013 19:14:11 118
1.53 1013 19:14:13 118
1.58 1013 19:14:15 118
1.51 1013 19:14:17 118
1.63 1013 19:14:19 118
1.58 1013 19:14:21 118
2.02 1013 19:14:23 118
1.72 1013 19:14:25 118
1.72 1013 19:14:27 118
1.69 1013 19:14:30 118
1.75 1013 19:14:32 118
1.50 1013 19:14:34 118
1.72 1013 19:14:36 118
1.62 1013 19:14:38 118
1.65 1013 19:14:40 118
1.58 1013 19:14:42 118
1.59 1013 19:14:44 118
1.61 1013 19:14:46 118
1.51 1013 19:14:48 118
1.68 1013 19:14:50 118
1.57 1013 19:14:52 118
1.62 1013 19:14:54 118
1.52 1013 19:14:56 118
1.54 1013 19:14:58 118
1.70 1013 19:15:00 118
1.55 1013 19:15:03 118
1.59 1013 19:15:05 118
1.58 1013 19:15:07 118
1.64 1013 19:15:09 118
1.75 1013 19:15:11 118
1.75 1013 19:15:13 118
1.77 1013 19:15:15 118
1.65 1013 19:15:17 118
1.68 1013 19:15:19 118
1.55 1013 19:15:21 118
1.58 1013 19:15:23 118
1.62 1013 19:15:25 118
1.90 1013 19:15:27 118
1.73 1013 19:15:29 118
1.61 1013 19:15:31 118
1.50 1013 19:15:33 118
1.64 1013 19:15:35 118
1.34 1013 19:15:38 118
1.65 1013 19:15:40 118
1.60 1013 19:15:42 118
1.47 1013 19:15:44 118
1.76 1013 19:15:46 118
1.39 1013 19:15:48 118
1.56 1013 19:15:50 118
1.44 1013 19:15:52 118
1.47 1013 19:15:54 118
1.51 1013 19:15:56 118
1.41 1013 19:15:58 118
1.59 1013 19:16:00 118
1.48 1013 19:16:02 118
1.48 1013 19:16:04 118
1.45 1013 19:16:06 118
1.56 1013 19:16:08 118
1.62 1013 19:16:10 118
1.51 1013 19:16:13 118
1.59 1013 19:16:15 118
1.47 1013 19:16:17 118
1.48 1013 19:16:19 118
1.65 1013 19:16:21 118
1.64 1013 19:16:23 118
1.42 1013 19:16:25 118
2.00 1013 19:16:27 118
1.61 1013 19:16:29 118
1.74 1013 19:16:31 118
1.44 1013 19:16:33 118
1.51 1013 19:16:35 118
1.53 1013 19:16:37 118
1.76 1013 19:16:39 118
1.40 1013 19:16:41 118
1.52 1013 19:16:43 118
1.78 1013 19:16:45 118
1.38 1013 19:16:48 118
1.56 1013 19:16:50 118
1.55 1013 19:16:52 118
1.56 1013 19:16:54 118
1.69 1013 19:16:56 118
1.48 1013 19:16:58 118
1.62 1013 19:17:00 118
1.45 1013 19:17:02 118
1.55 1013 19:17:04 118
1.51 1013 19:17:06 118
1.47 1013 19:17:08 118
1.68 1013 19:17:10 118
1.50 1013 19:17:12 118
1.68 1013 19:17:14 118
1.86 1013 19:17:16 118
1.51 1013 19:17:18 118
1.92 1013 19:17:20 118
1.60 1013 19:17:22 118
1.42 1013 19:17:25 118
1.74 1013 19:17:27 118
1.51 1013 19:17:29 118
1.71 1013 19:17:31 118
1.56 1013 19:17:33 118
1.58 1013 19:17:35 118
1.51 1013 19:17:37 118
1.53 1013 19:17:39 118
1.52 1013 19:17:41 118
1.53 1013 19:17:43 118
1.62 1013 19:17:45 118
1.52 1013 19:17:47 118
1.57 1014 19:17:49 118
1.48 1014 19:17:51 118
1.43 1014 19:17:53 118
1.70 1014 19:17:55 118
1.57 1014 19:17:57 118
1.71 1014 19:17:59 118
1.61 1014 19:18:02 118
1.58 1014 19:18:04 118
1.64 1014 19:18:06 118
1.49 1014 19:18:08 118
1.65 1014 19:18:10 118
1.53 1014 19:18:12 118
1.58 1014 19:18:14 118
1.61 1014 19:18:16 118
1.36 1014 19:18:18 118
1.53 1014 19:18:20 118
1.73 1014 19:18:22 118
1.54 1014 19:18:24 118
1.72 1014 19:18:26 118
1.54 1014 19:18:28 118
1.71 1014 19:18:30 118
1.55 1014 19:18:32 118
1.56 1014 19:18:34 118
1.45 1014 19:18:37 118
1.43 1014 19:18:39 118
1.71 1014 19:18:41 118
1.56 1014 19:18:43 118
1.57 1014 19:18:45 118
1.47 1014 19:18:47 118
1.54 1014 19:18:49 118
1.62 1014 19:18:51 118
1.55 1014 19:18:53 118
1.65 1014 19:18:55 118
1.56 1014 19:18:57 118
1.69 1014 19:18:59 118
1.52 1014 19:19:01 118
1.51 1014 19:19:03 118
1.67 1014 19:19:05 118
1.60 1014 19:19:07 118
1.73 1014 19:19:09 118
1.73 1014 19:19:12 118
1.56 1014 19:19:14 118
1.73 1014 19:19:16 118
1.62 1014 19:19:18 118
1.59 1014 19:19:20 118
1.59 1014 19:19:22 118
1.51 1014 19:19:24 118
1.71 1014 19:19:26 118
1.64 1014 19:19:28 118
1.69 1014 19:19:30 118
1.66 1014 19:19:32 118
1.63 1014 19:19:34 118
1.53 1014 19:19:36 118
1.54 1014 19:19:38 118
1.64 1014 19:19:40 118
1.71 1014 19:19:42 118
1.69 1014 19:19:44 118
1.66 1014 19:19:46 118
1.55 1014 19:19:49 118
1.69 1014 19:19:51 118
1.47 1014 19:19:53 118
1.54 1014 19:19:55 118
1.62 1014 19:19:57 118
1.54 1014 19:19:59 118
1.72 1014 19:20:01 118
1.53 1014 19:20:03 118
1.53 1014 19:20:05 118
1.48 1014 19:20:07 118
1.59 1014 19:20:09 118
1.52 1014 19:20:11 118
1.48 1014 19:20:13 118
1.68 1014 19:20:15 118
1.58 1014 19:20:17 118
1.62 1014 19:20:19 118
1.57 1014 19:20:21 118
1.57 1014 19:20:23 118
1.67 1014 19:20:26 118
1.67 1014 19:20:28 118
1.64 1014 19:20:30 118
1.68 1014 19:20:32 118
1.49 1014 19:20:34 118
1.58 1014 19:20:36 118
1.47 1014 19:20:38 118
1.75 1014 19:20:40 118
1.61 1014 19:20:42 118
1.61 1014 19:20:44 118
1.56 1014 19:20:46 118
1.41 1014 19:20:48 118
1.65 1014 19:20:50 118
1.49 1014 19:20:52 118
1.62 1014 19:20:54 118
1.74 1014 19:20:56 118
1.49 1014 19:20:58 118
1.70 1014 19:21:01 118
1.55 1014 19:21:03 118
1.54 1014 19:21:05 118
1.40 1014 19:21:07 118
1.55 1014 19:21:09 118
1.72 1014 19:21:11 118
1.52 1014 19:21:13 118
1.66 1015 19:21:15 118
1.50 1015 19:21:17 118
1.60 1015 19:21:19 118
1.58 1015 19:21:21 118
1.60 1015 19:21:23 118
1.59 1015 19:21:25 118
1.76 1015 19:21:27 118
1.61 1015 19:21:29 118
1.71 1015 19:21:31 118
1.55 1015 19:21:33 118
1.69 1015 19:21:36 118
1.49 1015 19:21:38 118
1.73 1015 19:21:40 118
1.64 1015 19:21:42 118
1.59 1015 19:21:44 118
1.68 1015 19:21:46 118
1.59 1015 19:21:48 118
1.63 1015 19:21:50 118
1.61 1015 19:21:52 118
1.64 1015 19:21:54 118
1.60 1016 19:21:56 118
1.51 1016 19:21:58 118
1.54 1016 19:22:00 118
1.49 1016 19:22:02 118
1.67 1016 19:22:04 118
1.52 1016 19:22:06 118
1.51 1016 19:22:08 118
1.76 1016 19:22:11 118
1.50 1016 19:22:13 118
1.65 1017 19:22:15 118
1.53 1016 19:22:17 118
1.43 1016 19:22:19 118
1.64 1016 19:22:21 118
1.69 1016 19:22:23 118
1.47 1017 19:22:25 118
1.65 1017 19:22:27 118
1.50 1017 19:22:29 118
1.68 1017 19:22:31 118
1.59 1017 19:22:33 118
1.64 1017 19:22:35 118
1.45 1017 19:22:37 118
1.53 1017 19:22:39 118
1.42 1017 19:22:41 118
1.59 1017 19:22:43 118
1.61 1017 19:22:45 118
1.44 1017 19:22:47 118
1.57 1017 19:22:50 118
1.52 1017 19:22:52 118
1.48 1017 19:22:54 118
1.75 1017 19:22:56 118
1.57 1017 19:22:58 118
1.58 1017 19:23:00 118
1.57 1017 19:23:02 118
1.57 1018 19:23:04 118
1.68 1018 19:23:06 118
1.52 1018 19:23:08 118
1.83 1019 19:23:10 118
1.70 1019 19:23:12 118
1.59 1020 19:23:14 118
1.48 1020 19:23:16 118
1.50 1020 19:23:18 118
1.73 1021 19:23:20 118
1.76 1021 19:23:22 118
1.68 1022 19:23:25 118
1.77 1022 19:23:27 118
1.51 1023 19:23:29 118
1.77 1023 19:23:31 118
1.53 1024 19:23:33 118
1.58 1 19:23:35 118
1.45 1.001 19:23:37 118
1.53 1.001 19:23:39 118
1.58 1.001 19:23:41 118
2.89 1.003 19:23:43 118
1.59 1.003 19:23:45 118
1.40 1.003 19:23:47 118
1.46 1.003 19:23:49 118
1.31 1.003 19:23:51 118
1.34 1.003 19:23:53 118
1.59 1.003 19:23:55 118
1.49 1.003 19:23:57 118
1.50 1.003 19:24:00 118
1.39 1.003 19:24:02 118
1.38 1.003 19:24:04 118
1.59 1.003 19:24:06 118
1.44 1.003 19:24:08 118
1.44 1.003 19:24:10 118
1.36 1.003 19:24:12 118
1.44 1.003 19:24:14 118
1.45 1.003 19:24:16 118
1.32 1.003 19:24:18 118
1.40 1.003 19:24:20 118
1.54 1.003 19:24:22 118
1.40 1.003 19:24:24 118
1.46 1.003 19:24:26 118
1.72 1.003 19:24:28 118
1.62 1.003 19:24:30 118
1.47 1.003 19:24:32 118
1.44 1.003 19:24:34 118
1.43 1.003 19:24:37 118
1.44 1.003 19:24:39 118
1.60 1.003 19:24:41 118
1.46 1.003 19:24:43 118
1.45 1.003 19:24:45 118
1.39 1.003 19:24:47 118
1.40 1.003 19:24:49 118
1.37 1.003 19:24:51 118
1.30 1.003 19:24:53 118
1.50 1.003 19:24:55 118
1.40 1.003 19:24:57 118
1.50 1.003 19:24:59 118
1.45 1.003 19:25:01 118
1.48 1.003 19:25:03 118
1.59 1.003 19:25:05 118
1.39 1.003 19:25:07 118
1.43 1.003 19:25:09 118
1.57 1.003 19:25:12 118
1.51 1.003 19:25:14 118
1.72 1.003 19:25:16 118
1.51 1.003 19:25:18 118
1.58 1.003 19:25:20 118
1.56 1.003 19:25:22 118
1.39 1.003 19:25:24 118
1.69 1.003 19:25:26 118
1.48 1.003 19:25:28 118
1.46 1.003 19:25:30 118
1.52 1.003 19:25:32 118
1.57 1.003 19:25:34 118
1.49 1.003 19:25:36 118
1.27 1.003 19:25:38 118
1.52 1.003 19:25:40 118
1.53 1.003 19:25:42 118
1.56 1.003 19:25:44 118
1.58 1.003 19:25:47 118
1.46 1.003 19:25:49 118
1.78 1.003 19:25:51 118
1.44 1.003 19:25:53 118
1.56 1.003 19:25:55 118
1.66 1.003 19:25:57 118
1.44 1.003 19:25:59 118
1.52 1.003 19:26:01 118
1.60 1.003 19:26:03 118
1.52 1.003 19:26:05 118
1.50 1.003 19:26:07 118
1.55 1.003 19:26:09 118
1.49 1.003 19:26:11 118
1.63 1.003 19:26:13 118
1.69 1.003 19:26:15 118
1.51 1.003 19:26:17 118
1.66 1.003 19:26:19 118
1.57 1.003 19:26:22 118
1.52 1.003 19:26:24 118
1.72 1.003 19:26:26 118
1.67 1.003 19:26:28 118
1.58 1.003 19:26:30 118
1.71 1.003 19:26:32 118
1.46 1.003 19:26:34 118
1.57 1.003 19:26:36 118
1.47 1.003 19:26:38 118
1.62 1.003 19:26:40 118
1.73 1.003 19:26:42 118
1.56 1.003 19:26:44 118
1.58 1.003 19:26:46 118
1.60 1.003 19:26:48 118
1.63 1.003 19:26:50 118
1.57 1.003 19:26:52 118
1.60 1.003 19:26:54 118
1.57 1.003 19:26:57 118
1.47 1.003 19:26:59 118
1.67 1.003 19:27:01 118
1.47 1.003 19:27:03 118
1.43 1.003 19:27:05 118
1.57 1.003 19:27:07 118
1.46 1.003 19:27:09 118
1.60 1.003 19:27:11 118
1.53 1.003 19:27:13 118
1.49 1.003 19:27:15 118
1.42 1.003 19:27:17 118
1.50 1.003 19:27:19 118
1.53 1.003 19:27:21 118
1.53 1.003 19:27:23 118
1.51 1.003 19:27:25 118
1.70 1.003 19:27:27 118
1.57 1.003 19:27:29 118
1.66 1.003 19:27:32 118
1.51 1.003 19:27:34 118
1.70 1.003 19:27:36 118
1.50 1.003 19:27:38 118
1.45 1.003 19:27:40 118
1.75 1.003 19:27:42 118
1.49 1.003 19:27:44 118
1.69 1.003 19:27:46 118
1.61 1.003 19:27:48 118
1.53 1.003 19:27:50 118
2.00 1.003 19:27:52 118
1.63 1.003 19:27:54 118
1.63 1.003 19:27:56 118
1.57 1.003 19:27:58 118
1.58 1.003 19:28:00 118
1.65 1.003 19:28:02 118
1.69 1.003 19:28:04 118
1.56 1.003 19:28:07 118
1.50 1.003 19:28:09 118
1.55 1.003 19:28:11 118
1.51 1.003 19:28:13 118
1.49 1.003 19:28:15 118
1.44 1.003 19:28:17 118
1.37 1.003 19:28:19 118
1.64 1.003 19:28:21 118
1.81 1.003 19:28:23 118
1.47 1.003 19:28:25 118
1.52 1.004 19:28:27 118
1.61 1.004 19:28:29 118
1.57 1.003 19:28:31 118
1.40 1.003 19:28:33 118
1.65 1.004 19:28:35 118
1.50 1.003 19:28:37 118
1.51 1.003 19:28:39 118
2.03 1.003 19:28:42 118
1.45 1.003 19:28:44 118
1.65 1.003 19:28:46 118
1.49 1.004 19:28:48 118
1.51 1.004 19:28:50 118
1.46 1.004 19:28:52 118
1.42 1.004 19:28:54 118
1.50 1.004 19:28:56 118
1.45 1.004 19:28:58 118
1.63 1.004 19:29:00 118
1.54 1.004 19:29:02 118
1.41 1.004 19:29:04 118
1.43 1.004 19:29:06 118
1.34 1.004 19:29:08 118
1.54 1.004 19:29:10 118
1.51 1.004 19:29:12 118
1.48 1.004 19:29:14 118
1.45 1.004 19:29:16 118
1.41 1.004 19:29:19 118
1.59 1.004 19:29:21 118
1.51 1.004 19:29:23 118
1.37 1.004 19:29:25 118
1.59 1.004 19:29:27 118
1.39 1.004 19:29:29 118
1.41 1.004 19:29:31 118
1.42 1.004 19:29:33 118
1.41 1.004 19:29:35 118
1.43 1.004 19:29:37 118
1.55 1.004 19:29:39 118
1.45 1.004 19:29:41 118
1.39 1.004 19:29:43 118
1.59 1.004 19:29:45 118
1.49 1.004 19:29:47 118
1.58 1.004 19:29:49 118
1.57 1.004 19:29:51 118
1.53 1.004 19:29:54 118
1.79 1.004 19:29:56 118
1.51 1.004 19:29:58 118
1.93 1.004 19:30:00 118
1.48 1.004 19:30:02 118
1.68 1.004 19:30:04 118
1.49 1.004 19:30:06 118
1.45 1.004 19:30:08 118
1.62 1.004 19:30:10 118
1.64 1.004 19:30:12 118
1.63 1.004 19:30:14 118
1.51 1.004 19:30:16 118
1.42 1.004 19:30:18 118
1.66 1.004 19:30:20 118
1.70 1.004 19:30:22 118
1.38 1.004 19:30:24 118
1.57 1.004 19:30:26 118
1.44 1.004 19:30:28 118
1.60 1.004 19:30:31 118
1.34 1.004 19:30:33 118
1.43 1.004 19:30:35 118
1.44 1.004 19:30:37 118
1.42 1.004 19:30:39 118
1.54 1.004 19:30:41 118
1.52 1.004 19:30:43 118
1.49 1.004 19:30:45 118
1.36 1.004 19:30:47 118
1.46 1.004 19:30:49 118
1.34 1.004 19:30:51 118
1.31 1.004 19:30:53 118
1.65 1.004 19:30:55 118
1.48 1.004 19:30:57 118
1.41 1.004 19:30:59 118
1.30 1.004 19:31:01 118
1.40 1.004 19:31:03 118
1.64 1.004 19:31:06 118
1.39 1.004 19:31:08 118
1.43 1.004 19:31:10 118
1.48 1.004 19:31:12 118
1.37 1.004 19:31:14 118
1.55 1.004 19:31:16 118
1.45 1.004 19:31:18 118
1.40 1.004 19:31:20 118
1.53 1.004 19:31:22 118
1.38 1.004 19:31:24 118
1.58 1.004 19:31:26 118
1.45 1.004 19:31:28 118
1.52 1.004 19:31:30 118
1.46 1.004 19:31:32 118
1.60 1.004 19:31:34 118
1.49 1.004 19:31:36 118
1.33 1.004 19:31:38 118
1.69 1.004 19:31:41 118
1.42 1.004 19:31:43 118
1.47 1.004 19:31:45 118
1.45 1.004 19:31:47 118
1.40 1.004 19:31:49 118
1.51 1.004 19:31:51 118
1.39 1.004 19:31:53 118
1.52 1.004 19:31:55 118
1.35 1.004 19:31:57 118
1.40 1.004 19:31:59 118
1.36 1.004 19:32:01 118
1.40 1.004 19:32:03 118
1.54 1.004 19:32:05 118
1.43 1.004 19:32:07 118
1.48 1.004 19:32:09 118
1.39 1.004 19:32:11 118
1.61 1.004 19:32:13 118
1.57 1.004 19:32:15 118
1.29 1.004 19:32:18 118
1.48 1.004 19:32:20 118
1.58 1.004 19:32:22 118
1.44 1.004 19:32:24 118
1.61 1.004 19:32:26 118
1.54 1.004 19:32:28 118
1.48 1.004 19:32:30 118
1.66 1.004 19:32:32 118
1.53 1.004 19:32:34 118
1.44 1.004 19:32:36 118
1.38 1.004 19:32:38 118
1.58 1.004 19:32:40 118
1.60 1.004 19:32:42 118
1.53 1.004 19:32:44 118
1.42 1.004 19:32:46 118
1.39 1.004 19:32:48 118
1.62 1.004 19:32:50 118
1.47 1.004 19:32:52 118
1.52 1.004 19:32:55 118
1.56 1.004 19:32:57 118
1.48 1.004 19:32:59 118
1.69 1.004 19:33:01 118
1.42 1.004 19:33:03 118
1.45 1.004 19:33:05 118
1.34 1.004 19:33:07 118
1.48 1.004 19:33:09 118
1.50 1.004 19:33:11 118
1.43 1.004 19:33:13 118
1.51 1.004 19:33:15 118
1.47 1.004 19:33:17 118
1.49 1.004 19:33:19 118
1.42 1.004 19:33:21 118
1.42 1.004 19:33:23 118
1.56 1.004 19:33:25 118
1.45 1.004 19:33:28 118
1.47 1.004 19:33:30 118
1.50 1.004 19:33:32 118
1.54 1.004 19:33:34 118
1.62 1.004 19:33:36 118
1.40 1.004 19:33:38 118
1.54 1.004 19:33:40 118
1.56 1.004 19:33:42 118
1.47 1.004 19:33:44 118
1.53 1.004 19:33:46 118
1.34 1.004 19:33:48 118
1.64 1.004 19:33:50 118
1.50 1.004 19:33:52 118
1.56 1.004 19:33:54 118
1.43 1.004 19:33:56 118
1.39 1.004 19:33:58 118
1.68 1.004 19:34:00 118
1.33 1.004 19:34:03 118
1.60 1.004 19:34:05 118
1.46 1.004 19:34:07 118
1.62 1.004 19:34:09 118
1.54 1.004 19:34:11 118
1.49 1.004 19:34:13 118
1.52 1.004 19:34:15 118
1.36 1.004 19:34:17 118
1.62 1.004 19:34:19 118
1.58 1.004 19:34:21 118
1.50 1.004 19:34:23 118
1.44 1.004 19:34:25 118
1.59 1.004 19:34:27 118
1.50 1.004 19:34:29 118
1.52 1.004 19:34:31 118
1.43 1.004 19:34:33 118
1.59 1.004 19:34:35 118
1.40 1.004 19:34:37 118
1.48 1.004 19:34:40 118
1.40 1.004 19:34:42 118
1.38 1.004 19:34:44 118
1.57 1.004 19:34:46 118
1.46 1.004 19:34:48 118
1.57 1.004 19:34:50 118
1.49 1.004 19:34:52 118
1.47 1.004 19:34:54 118
1.60 1.004 19:34:56 118
1.40 1.004 19:34:58 118
1.52 1.004 19:35:00 118
1.49 1.004 19:35:02 118
1.60 1.004 19:35:04 118
1.45 1.004 19:35:06 118
1.39 1.004 19:35:08 118
1.62 1.004 19:35:10 118
1.54 1.004 19:35:12 118
1.67 1.004 19:35:14 118
1.43 1.004 19:35:17 118
1.47 1.004 19:35:19 118
1.61 1.004 19:35:21 118
1.55 1.004 19:35:23 118
1.34 1.004 19:35:25 118
1.93 1.004 19:35:27 118
1.62 1.004 19:35:29 118
1.62 1.004 19:35:31 118
1.48 1.004 19:35:33 118
1.47 1.004 19:35:35 118
1.43 1.004 19:35:37 118
1.45 1.004 19:35:39 118
1.43 1.004 19:35:41 118
1.35 1.004 19:35:43 118
1.65 1.004 19:35:45 118
1.40 1.004 19:35:47 118
1.50 1.004 19:35:49 118
1.44 1.004 19:35:52 118
1.47 1.004 19:35:54 118
1.55 1.004 19:35:56 118
1.43 1.004 19:35:58 118
1.54 1.004 19:36:00 118
1.43 1.004 19:36:02 118
1.50 1.004 19:36:04 118
1.51 1.004 19:36:06 118
1.53 1.004 19:36:08 118
1.53 1.004 19:36:10 118
1.62 1.004 19:36:12 118
1.57 1.004 19:36:14 118
1.51 1.004 19:36:16 118
1.43 1.004 19:36:18 118
1.66 1.004 19:36:20 118
1.66 1.004 19:36:22 118
1.37 1.004 19:36:24 118
1.63 1.004 19:36:27 118
1.53 1.004 19:36:29 118
1.84 1.004 19:36:31 118
1.42 1.004 19:36:33 118
1.47 1.004 19:36:35 118
1.51 1.004 19:36:37 118
1.49 1.004 19:36:39 118
1.49 1.004 19:36:41 118
1.39 1.004 19:36:43 118
1.49 1.004 19:36:45 118
1.49 1.004 19:36:47 118
1.46 1.004 19:36:49 118
1.50 1.004 19:36:51 118
1.37 1.004 19:36:53 118
1.65 1.004 19:36:55 118
1.46 1.004 19:36:57 118
1.49 1.004 19:36:59 118
1.43 1.004 19:37:02 118
1.48 1.004 19:37:04 118
1.70 1.004 19:37:06 118
1.34 1.004 19:37:08 118
1.53 1.004 19:37:10 118
1.48 1.004 19:37:12 118
1.32 1.004 19:37:14 118
1.55 1.004 19:37:16 118
1.41 1.004 19:37:18 118
1.51 1.004 19:37:20 118
1.60 1.004 19:37:22 118
1.41 1.004 19:37:24 118
1.71 1.004 19:37:26 118
1.41 1.004 19:37:28 118
1.58 1.004 19:37:30 118
1.47 1.004 19:37:32 118
1.53 1.004 19:37:34 118
1.56 1.004 19:37:36 118
1.47 1.004 19:37:39 118
1.54 1.004 19:37:41 118
1.29 1.004 19:37:43 118
2.32 1.004 19:37:45 118
1.41 1.004 19:37:47 118
1.64 1.004 19:37:49 118
1.53 1.004 19:37:51 118
1.45 1.004 19:37:53 118
1.48 1.004 19:37:55 118
1.46 1.004 19:37:57 118
1.52 1.004 19:37:59 118
1.36 1.004 19:38:01 118
1.40 1.004 19:38:03 118
1.52 1.004 19:38:05 118
1.39 1.004 19:38:07 118
1.46 1.004 19:38:09 118
1.41 1.004 19:38:11 118
1.52 1.004 19:38:13 118
1.57 1.004 19:38:16 118
1.30 1.004 19:38:18 118
1.49 1.004 19:38:20 118
1.62 1.004 19:38:22 118
1.72 1.004 19:38:24 118
1.62 1.004 19:38:26 118
1.59 1.004 19:38:28 118
1.60 1.004 19:38:30 118
1.53 1.004 19:38:32 118
1.71 1.004 19:38:34 118
1.53 1.004 19:38:36 118
1.43 1.004 19:38:38 118
1.58 1.004 19:38:40 118
1.69 1.004 19:38:42 118
1.55 1.004 19:38:44 118
1.72 1.004 19:38:46 118
1.69 1.004 19:38:48 118
1.73 1.004 19:38:51 118
1.57 1.004 19:38:53 118
1.58 1.004 19:38:55 118
1.58 1.004 19:38:57 118
1.50 1.004 19:38:59 118
2.18 1.004 19:39:01 118
1.52 1.004 19:39:03 118
1.63 1.004 19:39:05 118
1.49 1.004 19:39:07 118
1.55 1.004 19:39:09 118
1.58 1.004 19:39:11 118
1.52 1.004 19:39:13 118
1.57 1.004 19:39:15 118
1.36 1.004 19:39:17 118
1.56 1.004 19:39:19 118
1.46 1.004 19:39:21 118
1.59 1.004 19:39:24 118
1.64 1.004 19:39:26 118
1.67 1.004 19:39:28 118
1.65 1.004 19:39:30 118
1.82 1.004 19:39:32 118
1.54 1.004 19:39:34 118
1.61 1.004 19:39:36 118
1.55 1.004 19:39:38 118
1.59 1.004 19:39:40 118
1.76 1.004 19:39:42 118
1.61 1.004 19:39:44 118
1.64 1.004 19:39:46 118
1.54 1.004 19:39:48 118
1.67 1.004 19:39:50 118
1.58 1.004 19:39:52 118
1.53 1.004 19:39:54 118
1.63 1.004 19:39:56 118
1.63 1.004 19:39:59 118
1.62 1.004 19:40:01 118
1.72 1.004 19:40:03 118
1.61 1.004 19:40:05 118
1.66 1.004 19:40:07 118
1.68 1.004 19:40:09 118
1.69 1.004 19:40:11 118
1.68 1.004 19:40:13 118
1.66 1.004 19:40:15 118
1.49 1.004 19:40:17 118
1.74 1.004 19:40:19 118
1.51 1.004 19:40:21 118
1.64 1.004 19:40:23 118
1.64 1.004 19:40:25 118
1.56 1.004 19:40:27 118
1.56 1.004 19:40:29 118
1.68 1.004 19:40:32 118
1.59 1.004 19:40:34 118
1.63 1.004 19:40:36 118
1.46 1.004 19:40:38 118
1.61 1.004 19:40:40 118
1.65 1.004 19:40:42 118
1.51 1.004 19:40:44 118
1.67 1.004 19:40:46 118
1.48 1.004 19:40:48 118
1.62 1.004 19:40:50 118
1.59 1.004 19:40:52 118
1.57 1.004 19:40:54 118
1.57 1.004 19:40:56 118
1.49 1.005 19:40:58 118
1.72 1.004 19:41:00 118
1.62 1.004 19:41:02 118
1.60 1.004 19:41:04 118
1.54 1.004 19:41:06 118
1.52 1.004 19:41:09 118
1.65 1.004 19:41:11 118
1.67 1.004 19:41:13 118
1.61 1.004 19:41:15 118
1.41 1.004 19:41:17 118
1.48 1.004 19:41:19 118
1.57 1.004 19:41:21 118
1.49 1.004 19:41:23 118
1.44 1.004 19:41:25 118
1.71 1.004 19:41:27 118
1.53 1.004 19:41:29 118
1.54 1.004 19:41:31 118
1.46 1.004 19:41:33 118
1.64 1.004 19:41:35 118
1.37 1.004 19:41:37 118
1.59 1.005 19:41:39 118
1.53 1.005 19:41:42 118
1.58 1.005 19:41:44 118
1.65 1.004 19:41:46 118
1.41 1.005 19:41:48 118
1.53 1.004 19:41:50 118
1.49 1.004 19:41:52 118
1.50 1.004 19:41:54 118
1.63 1.004 19:41:56 118
1.52 1.004 19:41:58 118
1.56 1.004 19:42:00 118
1.49 1.004 19:42:02 118
1.56 1.005 19:42:04 118
1.50 1.004 19:42:06 118
1.45 1.004 19:42:08 118
1.78 1.004 19:42:10 118
1.56 1.004 19:42:12 118
1.60 1.004 19:42:14 118
1.40 1.004 19:42:16 118
1.46 1.004 19:42:19 118
1.54 1.004 19:42:21 118
1.70 1.004 19:42:23 118
1.37 1.004 19:42:25 118
1.77 1.004 19:42:27 118
1.49 1.004 19:42:29 118
1.57 1.004 19:42:31 118
1.46 1.004 19:42:33 118
1.59 1.004 19:42:35 118
1.41 1.004 19:42:37 118
1.50 1.004 19:42:39 118
1.47 1.004 19:42:41 118
1.47 1.004 19:42:43 118
1.61 1.004 19:42:45 118
1.33 1.004 19:42:47 118
1.45 1.004 19:42:49 118
1.30 1.004 19:42:51 118
1.45 1.004 19:42:53 118
1.70 1.004 19:42:56 118
1.49 1.004 19:42:58 118
1.62 1.004 19:43:00 118
1.40 1.004 19:43:02 118
1.45 1.004 19:43:04 118
1.66 1.004 19:43:06 118
1.49 1.005 19:43:08 118
1.59 1.004 19:43:10 118
1.49 1.004 19:43:12 118
1.51 1.005 19:43:14 118
1.46 1.005 19:43:16 118
1.42 1.005 19:43:18 118
1.78 1.005 19:43:20 118
1.66 1.005 19:43:22 118
1.43 1.005 19:43:24 118
1.52 1.005 19:43:26 118
1.45 1.005 19:43:28 118
1.56 1.005 19:43:30 118
1.38 1.005 19:43:33 118
1.49 1.005 19:43:35 118
1.53 1.005 19:43:37 118
1.46 1.005 19:43:39 118
1.69 1.005 19:43:41 118
1.47 1.005 19:43:43 118
1.49 1.005 19:43:45 118
1.40 1.005 19:43:47 118
1.51 1.005 19:43:49 118
1.50 1.005 19:43:51 118
1.36 1.005 19:43:53 118
1.65 1.005 19:43:55 118
1.64 1.005 19:43:57 118
1.67 1.005 19:43:59 118
1.43 1.005 19:44:01 118
1.43 1.005 19:44:03 118
1.54 1.005 19:44:05 118
1.32 1.005 19:44:07 118
1.49 1.005 19:44:10 118
1.46 1.005 19:44:12 118
1.42 1.005 19:44:14 118
1.64 1.005 19:44:16 118
1.41 1.005 19:44:18 118
1.54 1.005 19:44:20 118
1.62 1.005 19:44:22 118
1.58 1.005 19:44:24 118
1.56 1.005 19:44:26 118
1.60 1.005 19:44:28 118
1.56 1.005 19:44:30 118
1.47 1.005 19:44:32 118
1.55 1.005 19:44:34 118
1.48 1.005 19:44:36 118
1.44 1.005 19:44:38 118
1.64 1.005 19:44:40 118
1.52 1.005 19:44:42 118
1.55 1.005 19:44:45 118
1.39 1.005 19:44:47 118
1.41 1.005 19:44:49 118
1.63 1.005 19:44:51 118
1.38 1.005 19:44:53 118
1.59 1.005 19:44:55 118
1.72 1.005 19:44:57 118
1.61 1.005 19:44:59 118
1.75 1.005 19:45:01 118
1.41 1.005 19:45:03 118
1.55 1.005 19:45:05 118
1.51 1.005 19:45:07 118
1.58 1.005 19:45:09 118
1.59 1.005 19:45:11 118
1.47 1.005 19:45:13 118
1.66 1.005 19:45:15 118
1.35 1.005 19:45:17 118
1.61 1.005 19:45:20 118
1.56 1.005 19:45:22 118
1.51 1.005 19:45:24 118
1.67 1.005 19:45:26 118
1.55 1.005 19:45:28 118
1.49 1.005 19:45:30 118
1.68 1.005 19:45:32 118
1.47 1.005 19:45:34 118
1.53 1.005 19:45:36 118
1.39 1.005 19:45:38 118
1.60 1.005 19:45:40 118
1.66 1.005 19:45:42 118
1.48 1.005 19:45:44 118
1.52 1.005 19:45:46 118
1.53 1.005 19:45:48 118
1.62 1.005 19:45:50 118
1.45 1.005 19:45:52 118
1.66 1.005 19:45:54 118
1.63 1.005 19:45:57 118
1.57 1.005 19:45:59 118
1.70 1.005 19:46:01 118
1.42 1.005 19:46:03 118
1.56 1.005 19:46:05 118
1.44 1.005 19:46:07 118
1.59 1.005 19:46:09 118
1.47 1.005 19:46:11 118
1.49 1.005 19:46:13 118
1.62 1.005 19:46:15 118
1.36 1.005 19:46:17 118
1.49 1.005 19:46:19 118
1.48 1.005 19:46:21 118
1.60 1.005 19:46:23 118
1.60 1.005 19:46:25 118
1.55 1.005 19:46:27 118
1.46 1.005 19:46:30 118
1.57 1.005 19:46:32 118
1.46 1.005 19:46:34 118
1.61 1.005 19:46:36 118
1.43 1.005 19:46:38 118
1.51 1.005 19:46:40 118
1.55 1.005 19:46:42 118
1.50 1.005 19:46:44 118
1.56 1.005 19:46:46 118
1.39 1.005 19:46:48 118
1.54 1.005 19:46:50 118
1.52 1.005 19:46:52 118
1.73 1.005 19:46:54 118
1.42 1.005 19:46:56 118
1.48 1.005 19:46:58 118
1.72 1.005 19:47:00 118
1.51 1.005 19:47:02 118
1.63 1.005 19:47:04 118
1.61 1.005 19:47:07 118
1.62 1.005 19:47:09 118
1.75 1.005 19:47:11 118
1.44 1.005 19:47:13 118
1.51 1.005 19:47:15 118
1.45 1.005 19:47:17 118
1.62 1.005 19:47:19 118
1.64 1.005 19:47:21 118
1.64 1.005 19:47:23 118
1.39 1.005 19:47:25 118
1.57 1.005 19:47:27 118
1.49 1.005 19:47:29 118
1.64 1.005 19:47:31 118
1.56 1.005 19:47:33 118
1.67 1.005 19:47:35 118
1.41 1.005 19:47:37 118
1.46 1.005 19:47:39 118
1.44 1.005 19:47:42 118
1.78 1.005 19:47:44 118
1.67 1.005 19:47:46 118
1.29 1.005 19:47:48 118
1.43 1.005 19:47:50 118
1.41 1.005 19:47:52 118
1.44 1.005 19:47:54 118
1.49 1.005 19:47:56 118
1.45 1.005 19:47:58 118
1.67 1.005 19:48:00 118
1.50 1.005 19:48:02 118
1.49 1.005 19:48:04 118
1.56 1.005 19:48:06 118
1.35 1.005 19:48:08 118
1.66 1.005 19:48:10 118
1.60 1.005 19:48:12 118
1.63 1.005 19:48:14 118
1.48 1.005 19:48:16 118
1.46 1.005 19:48:19 118
1.64 1.005 19:48:21 118
1.59 1.005 19:48:23 118
1.37 1.005 19:48:25 118
1.59 1.005 19:48:27 118
1.55 1.005 19:48:29 118
1.69 1.005 19:48:31 118
1.45 1.005 19:48:33 118
1.61 1.005 19:48:35 118
1.65 1.005 19:48:37 118
1.63 1.005 19:48:39 118
1.44 1.005 19:48:41 118
1.60 1.005 19:48:43 118
1.62 1.005 19:48:45 118
1.38 1.005 19:48:47 118
1.55 1.005 19:48:49 118
1.64 1.005 19:48:52 118
1.74 1.005 19:48:54 118
1.70 1.005 19:48:56 118
1.46 1.005 19:48:58 118
1.51 1.005 19:49:00 118
1.47 1.005 19:49:02 118
1.44 1.005 19:49:04 118
1.56 1.005 19:49:06 118
1.41 1.005 19:49:08 118
1.50 1.005 19:49:10 118
1.60 1.005 19:49:12 118
1.52 1.005 19:49:14 118
1.46 1.005 19:49:16 118
1.44 1.005 19:49:18 118
1.55 1.005 19:49:20 118
1.67 1.005 19:49:22 118
1.66 1.005 19:49:24 118
1.59 1.005 19:49:26 118
1.56 1.005 19:49:29 118
1.73 1.005 19:49:31 118
1.45 1.005 19:49:33 118
1.56 1.005 19:49:35 118
1.56 1.005 19:49:37 118
1.53 1.005 19:49:39 118
1.49 1.005 19:49:41 118
1.43 1.005 19:49:43 118
1.58 1.005 19:49:45 118
1.49 1.005 19:49:47 118
1.58 1.005 19:49:49 118
1.49 1.005 19:49:51 118
1.40 1.005 19:49:53 118
1.56 1.005 19:49:55 118
1.54 1.005 19:49:57 118
1.47 1.005 19:49:59 118
1.45 1.005 19:50:01 118
1.60 1.005 19:50:04 118
1.70 1.005 19:50:06 118
1.42 1.005 19:50:08 118
1.75 1.005 19:50:10 118
1.53 1.005 19:50:12 118
1.49 1.005 19:50:14 118
1.55 1.005 19:50:16 118
1.40 1.005 19:50:18 118
1.54 1.005 19:50:20 118
1.62 1.005 19:50:22 118
1.45 1.005 19:50:24 118
1.58 1.005 19:50:26 118
1.60 1.005 19:50:28 118
1.66 1.005 19:50:30 118
1.64 1.005 19:50:32 118
1.57 1.005 19:50:34 118
1.52 1.005 19:50:36 118
1.43 1.005 19:50:38 118
1.61 1.005 19:50:41 118
1.51 1.005 19:50:43 118
1.55 1.005 19:50:45 118
1.51 1.005 19:50:47 118
1.47 1.005 19:50:49 118
1.57 1.005 19:50:51 118
1.45 1.005 19:50:53 118
1.53 1.005 19:50:55 118
1.50 1.005 19:50:57 118
1.54 1.005 19:50:59 118
1.43 1.005 19:51:01 118
1.49 1.005 19:51:03 118
1.61 1.005 19:51:05 118
1.49 1.005 19:51:07 118
1.57 1.005 19:51:09 118
2.03 1.005 19:51:11 118
1.72 1.005 19:51:13 118
1.76 1.005 19:51:16 118
1.56 1.005 19:51:18 118
1.60 1.005 19:51:20 118
1.72 1.005 19:51:22 118
1.49 1.005 19:51:24 118
2.08 1.005 19:51:26 118
1.94 1.005 19:51:28 118
1.57 1.005 19:51:30 118
1.87 1.005 19:51:32 118
1.67 1.005 19:51:34 118
1.86 1.005 19:51:36 118
1.55 1.005 19:51:38 118
1.75 1.005 19:51:40 118
1.75 1.005 19:51:42 118
1.82 1.005 19:51:44 118
1.73 1.005 19:51:46 118
1.52 1.005 19:51:48 118
1.72 1.005 19:51:51 118
1.49 1.005 19:51:53 118
1.59 1.005 19:51:55 118
1.58 1.005 19:51:57 118
1.59 1.005 19:51:59 118
1.73 1.005 19:52:01 118
1.63 1.005 19:52:03 118
1.66 1.005 19:52:05 118
1.58 1.005 19:52:07 118
1.66 1.005 19:52:09 118
1.66 1.005 19:52:11 118
1.59 1.005 19:52:13 118
1.75 1.005 19:52:15 118
1.53 1.005 19:52:17 118
1.67 1.005 19:52:19 118
1.66 1.005 19:52:21 118
1.68 1.005 19:52:24 118
1.72 1.005 19:52:26 118
1.64 1.005 19:52:28 118
1.58 1.005 19:52:30 118
1.77 1.005 19:52:32 118
1.56 1.005 19:52:34 118
1.75 1.005 19:52:36 118
1.46 1.005 19:52:38 118
1.58 1.005 19:52:40 118
1.67 1.005 19:52:42 118
2.05 1.005 19:52:44 118
1.68 1.005 19:52:46 118
1.49 1.005 19:52:48 118
1.72 1.005 19:52:50 118
1.44 1.005 19:52:52 118
1.73 1.005 19:52:54 118
1.61 1.005 19:52:57 118
1.82 1.005 19:52:59 118
1.75 1.005 19:53:01 118
1.68 1.005 19:53:03 118
1.83 1.005 19:53:05 118
1.56 1.005 19:53:07 118
1.57 1.005 19:53:09 118
1.80 1.005 19:53:11 118
1.58 1.005 19:53:13 118
1.95 1.005 19:53:15 118
1.46 1.005 19:53:17 118
1.58 1.005 19:53:19 118
1.55 1.005 19:53:21 118
1.67 1.005 19:53:23 118
1.62 1.005 19:53:25 118
1.65 1.005 19:53:27 118
1.66 1.005 19:53:29 118
1.67 1.005 19:53:32 118
1.61 1.005 19:53:34 118
1.62 1.005 19:53:36 118
1.53 1.006 19:53:38 118
1.70 1.005 19:53:40 118
1.57 1.005 19:53:42 118
1.61 1.005 19:53:44 118
1.66 1.005 19:53:46 118
1.50 1.005 19:53:48 118
1.47 1.005 19:53:50 118
1.51 1.005 19:53:52 118
1.62 1.005 19:53:54 118
1.53 1.005 19:53:56 118
1.45 1.005 19:53:58 118
1.69 1.005 19:54:00 118
1.46 1.005 19:54:02 118
1.58 1.005 19:54:04 118
1.53 1.005 19:54:06 118
1.51 1.005 19:54:09 118
1.71 1.005 19:54:11 118
1.64 1.005 19:54:13 118
1.57 1.005 19:54:15 118
1.75 1.005 19:54:17 118
1.44 1.005 19:54:19 118
1.65 1.005 19:54:21 118
1.63 1.005 19:54:23 118
1.60 1.005 19:54:25 118
1.69 1.005 19:54:27 118
1.53 1.005 19:54:29 118
1.69 1.005 19:54:31 118
1.46 1.005 19:54:33 118
1.69 1.005 19:54:35 118
1.46 1.005 19:54:37 118
1.57 1.005 19:54:39 118
1.51 1.005 19:54:41 118
1.51 1.005 19:54:44 118
1.75 1.005 19:54:46 118
1.56 1.005 19:54:48 118
1.59 1.005 19:54:50 118
1.43 1.005 19:54:52 118
1.55 1.005 19:54:54 118
1.59 1.005 19:54:56 118
1.49 1.005 19:54:58 118
1.65 1.005 19:55:00 118
1.54 1.005 19:55:02 118
1.64 1.005 19:55:04 118
1.60 1.005 19:55:06 118
1.60 1.005 19:55:08 118
1.69 1.005 19:55:10 118
1.81 1.006 20:02:18 118
1.57 1.006 20:02:21 118
1.72 1.006 20:02:23 118
1.36 1.006 20:02:25 118
1.60 1.006 20:02:27 118
1.60 1.006 20:02:29 118
1.61 1.006 20:02:31 118
1.53 1.006 20:02:33 118
1.60 1.006 20:02:35 118
1.42 1.006 20:02:37 118
1.59 1.006 20:02:39 118
1.62 1.006 20:02:42 118
1.56 1.006 20:02:44 118
1.72 1.006 20:02:46 118
1.45 1.006 20:02:48 118
1.56 1.006 20:02:50 118
1.60 1.006 20:02:52 118
1.63 1.006 20:02:54 118
1.70 1.006 20:02:56 118
1.72 1.006 20:02:58 118
1.59 1.006 20:03:00 118
1.54 1.006 20:03:02 118
1.70 1.006 20:03:04 118
1.62 1.006 20:03:06 118
1.59 1.006 20:03:08 118
1.76 1.006 20:03:10 118
1.65 1.006 20:03:12 118
1.59 1.006 20:03:14 118
1.51 1.006 20:03:16 118
1.52 1.006 20:03:19 118
1.67 1.006 20:03:21 118
1.54 1.006 20:03:23 118
1.40 1.006 20:03:25 118
1.52 1.006 20:03:27 118
1.52 1.006 20:03:29 118
1.64 1.006 20:03:31 118
1.50 1.006 20:03:33 118
1.56 1.006 20:03:35 118
1.48 1.006 20:03:37 118
1.52 1.006 20:03:39 118
1.53 1.006 20:03:41 118
1.69 1.006 20:03:43 118
1.66 1.006 20:03:45 118
1.52 1.006 20:03:47 118
1.69 1.006 20:03:49 118
1.55 1.006 20:03:51 118
1.52 1.006 20:03:54 118
1.74 1.006 20:03:56 118
1.62 1.006 20:03:58 118
1.67 1.006 20:04:00 118
1.77 1.006 20:04:02 118
1.64 1.006 20:04:04 118
1.80 1.006 20:04:06 118
1.55 1.006 20:04:08 118
1.85 1.006 20:04:10 118
1.80 1.006 20:04:12 118
1.69 1.006 20:04:14 118
1.66 1.006 20:04:16 118
1.65 1.006 20:04:18 118
1.80 1.006 20:04:20 118
2.00 1.006 20:04:22 118
1.68 1.006 20:04:24 118
1.81 1.006 20:04:26 118
1.64 1.006 20:04:29 118
1.75 1.006 20:04:31 118
1.49 1.006 20:04:33 118
1.56 1.006 20:04:35 118
1.54 1.006 20:04:37 118
1.60 1.006 20:04:39 118
1.56 1.006 20:04:41 118
1.65 1.006 20:04:43 118
1.66 1.006 20:04:45 118
1.66 1.006 20:04:47 118
1.68 1.006 20:04:49 118
1.76 1.006 20:04:51 118
1.55 1.006 20:04:53 118
1.76 1.006 20:04:55 118
1.70 1.006 20:04:57 118
1.77 1.006 20:04:59 118
1.64 1.006 20:05:02 118
1.77 1.006 20:05:04 118
1.73 1.006 20:05:06 118
1.63 1.006 20:05:08 118
1.63 1.006 20:05:10 118
1.82 1.006 20:05:12 118
1.84 1.006 20:05:14 118
1.93 1.006 20:05:16 118
1.64 1.006 20:05:18 118
1.97 1.006 20:05:20 118
1.74 1.006 20:05:22 118
1.59 1.006 20:05:24 118
1.70 1.006 20:05:26 118
1.75 1.006 20:05:28 118
1.82 1.006 20:05:30 118
1.66 1.006 20:05:32 118
1.58 1.006 20:05:34 118
1.55 1.006 20:05:37 118
1.59 1.006 20:05:39 118
1.65 1.006 20:05:41 118
1.66 1.006 20:05:43 118
1.62 1.006 20:05:45 118
1.49 1.006 20:05:47 118
1.54 1.006 20:05:49 118
1.60 1.006 20:05:51 118
1.63 1.006 20:05:53 118
1.73 1.006 20:05:55 118
1.61 1.006 20:05:57 118
1.58 1.006 20:05:59 118
1.48 1.006 20:06:01 118
1.63 1.006 20:06:03 118
1.70 1.006 20:06:05 118
1.70 1.006 20:06:07 118
1.65 1.006 20:06:09 118
1.69 1.006 20:06:12 118
1.65 1.006 20:06:14 118
1.80 1.006 20:06:16 118
1.47 1.006 20:06:18 118
1.58 1.007 20:06:20 118
1.71 1.007 20:06:22 118
1.58 1.007 20:06:24 118
1.77 1.007 20:06:26 118
1.67 1.007 20:06:28 118
1.59 1.007 20:06:30 118
1.64 1.007 20:06:32 118
1.55 1.007 20:06:34 118
1.47 1.007 20:06:36 118
1.34 1.008 20:06:38 118
1.58 1.008 20:06:40 118
1.61 1.008 20:06:42 118
1.36 1.008 20:06:44 118
1.42 1.008 20:06:46 118
1.42 1.008 20:06:49 118
1.55 1.008 20:06:51 118
1.34 1.008 20:06:53 118
1.61 1.008 20:06:55 118
1.52 1.008 20:06:57 118
1.34 1.008 20:06:59 118
1.49 1.008 20:07:01 118
1.34 1.008 20:07:03 118
1.42 1.008 20:07:05 118
1.44 1.008 20:07:07 118
1.74 1.008 20:07:09 118
1.37 1.008 20:07:11 118
1.39 1.008 20:07:13 118
1.62 1.008 20:07:15 118
1.43 1.008 20:07:17 118
1.52 1.008 20:07:19 118
1.50 1.008 20:07:21 118
1.49 1.008 20:07:24 118
1.59 1.008 20:07:26 118
1.58 1.008 20:07:28 118
1.52 1.008 20:07:30 118
1.61 1.008 20:07:32 118
1.43 1.008 20:07:34 118
1.57 1.008 20:07:36 118
1.37 1.008 20:07:38 118
1.48 1.008 20:07:40 118
1.52 1.008 20:07:42 118
1.56 1.008 20:07:44 118
1.48 1.008 20:07:46 118
1.43 1.008 20:07:48 118
1.62 1.008 20:07:50 118
1.63 1.008 20:07:52 118
1.57 1.008 20:07:54 118
1.54 1.008 20:07:56 118
1.46 1.008 20:07:58 118
1.66 1.008 20:08:01 118
1.38 1.008 20:08:03 118
1.45 1.008 20:08:05 118
1.55 1.008 20:08:07 118
1.36 1.008 20:08:09 118
1.46 1.008 20:08:11 118
1.43 1.008 20:08:13 118
1.63 1.008 20:08:15 118
1.43 1.008 20:08:17 118
1.50 1.008 20:08:19 118
1.35 1.008 20:08:21 118
1.48 1.008 20:08:23 118
1.41 1.008 20:08:25 118
1.77 1.008 20:08:27 118
1.50 1.008 20:08:29 118
1.62 1.008 20:08:31 118
1.47 1.008 20:08:33 118
1.66 1.008 20:08:35 118
1.39 1.008 20:08:38 118
1.56 1.008 20:08:40 118
1.49 1.008 20:08:42 118
1.40 1.008 20:08:44 118
1.59 1.008 20:08:46 118
1.42 1.008 20:08:48 118
1.52 1.008 20:08:50 118
1.53 1.008 20:08:52 118
1.55 1.008 20:08:54 118
1.46 1.008 20:08:56 118
1.39 1.008 20:08:58 118
1.64 1.008 20:09:00 118
1.52 1.008 20:09:02 118
1.59 1.008 20:09:04 118
1.29 1.008 20:09:06 118
1.39 1.008 20:09:08 118
1.62 1.008 20:09:10 118
1.48 1.008 20:09:13 118
1.48 1.008 20:09:15 118
1.46 1.008 20:09:17 118
1.39 1.008 20:09:19 118
1.49 1.008 20:09:21 118
1.42 1.008 20:09:23 118
1.50 1.008 20:09:25 118
1.62 1.008 20:09:27 118
1.48 1.008 20:09:29 118
1.62 1.008 20:09:31 118
1.42 1.008 20:09:33 118
1.57 1.008 20:09:35 118
1.35 1.008 20:09:37 118
1.49 1.008 20:09:39 118
1.28 1.008 20:09:41 118
1.31 1.008 20:09:43 118
1.61 1.008 20:09:45 118
1.26 1.008 20:09:47 118
1.47 1.008 20:09:50 118
1.39 1.008 20:09:52 118
1.34 1.008 20:09:54 118
1.64 1.008 20:09:56 118
1.48 1.008 20:09:58 118
1.51 1.008 20:10:00 118
1.49 1.008 20:10:02 118
1.49 1.008 20:10:04 118
1.58 1.008 20:10:06 118
1.36 1.008 20:10:08 118
1.51 1.008 20:10:10 118
1.62 1.008 20:10:12 118
1.57 1.008 20:10:14 118
1.44 1.008 20:10:16 118
1.47 1.008 20:10:18 118
1.65 1.008 20:10:20 118
1.55 1.008 20:10:22 118
1.58 1.008 20:10:25 118
1.78 1.008 20:10:27 118
1.48 1.008 20:10:29 118
1.57 1.008 20:10:31 118
1.40 1.008 20:10:33 118
1.51 1.008 20:10:35 118
1.42 1.008 20:10:37 118
1.37 1.008 20:10:39 118
1.45 1.008 20:10:41 118
1.60 1.008 20:10:43 118
1.62 1.008 20:10:45 118
1.50 1.008 20:10:47 118
1.65 1.008 20:10:49 118
1.42 1.008 20:10:51 118
1.36 1.008 20:10:53 118
1.57 1.008 20:10:55 118
1.45 1.008 20:10:57 118
1.70 1.008 20:10:59 118
1.42 1.008 20:11:02 118
1.40 1.008 20:11:04 118
1.63 1.008 20:11:06 118
1.48 1.008 20:11:08 118
1.64 1.008 20:11:10 118
1.50 1.008 20:11:12 118
1.42 1.008 20:11:14 118
1.60 1.008 20:11:16 118
1.45 1.008 20:11:18 118
1.54 1.008 20:11:20 118
1.72 1.008 20:11:22 118
1.35 1.008 20:11:24 118
1.54 1.008 20:11:26 118
1.58 1.008 20:11:28 118
1.66 1.008 20:11:30 118
1.46 1.008 20:11:32 118
1.51 1.008 20:11:35 118
1.45 1.008 20:11:37 118
1.44 1.008 20:11:39 118
1.55 1.008 20:11:41 118
1.39 1.008 20:11:43 118
1.44 1.008 20:11:45 118
1.42 1.008 20:11:47 118
1.44 1.008 20:11:49 118
1.45 1.008 20:11:51 118
1.32 1.008 20:11:53 118
1.47 1.008 20:11:55 118
1.53 1.008 20:11:57 118
1.51 1.008 20:11:59 118
1.37 1.008 20:12:01 118
1.58 1.008 20:12:03 118
1.70 1.008 20:12:05 118
1.41 1.008 20:12:07 118
1.78 1.008 20:12:09 118
1.44 1.008 20:12:12 118
1.51 1.008 20:12:14 118
1.59 1.008 20:12:16 118
1.49 1.008 20:12:18 118
1.54 1.008 20:12:20 118
1.59 1.008 20:12:22 118
1.51 1.008 20:12:24 118
1.64 1.008 20:12:26 118
1.52 1.008 20:12:28 118
1.56 1.008 20:12:30 118
1.51 1.008 20:12:32 118
1.53 1.008 20:12:34 118
1.63 1.008 20:12:36 118
1.37 1.008 20:12:38 118
1.69 1.008 20:12:40 118
1.54 1.008 20:12:42 118
1.72 1.008 20:12:44 118
1.48 1.008 20:12:47 118
1.39 1.008 20:12:49 118
1.58 1.008 20:12:51 118
1.44 1.008 20:12:53 118
1.62 1.008 20:12:55 118
1.52 1.008 20:12:57 118
1.48 1.008 20:12:59 118
1.49 1.008 20:13:01 118
1.47 1.008 20:13:03 118
1.50 1.008 20:13:05 118
1.36 1.008 20:13:07 118
1.52 1.008 20:13:09 118
1.32 1.008 20:13:11 118
1.42 1.008 20:13:13 118
1.54 1.008 20:13:15 118
1.48 1.008 20:13:17 118
1.54 1.008 20:13:19 118
1.61 1.008 20:13:22 118
1.53 1.008 20:13:24 118
1.54 1.008 20:13:26 118
1.52 1.008 20:13:28 118
1.57 1.008 20:13:30 118
1.80 1.008 20:13:32 118
1.51 1.008 20:13:34 118
1.54 1.008 20:13:36 118
1.30 1.008 20:13:38 118
1.56 1.008 20:13:40 118
1.51 1.008 20:13:42 118
1.52 1.008 20:13:44 118
1.51 1.008 20:13:46 118
1.40 1.008 20:13:48 118
1.50 1.008 20:13:50 118
1.38 1.008 20:13:52 118
1.52 1.008 20:13:54 118
1.45 1.008 20:13:56 118
1.44 1.008 20:13:59 118
1.57 1.008 20:14:01 118
1.43 1.008 20:14:03 118
1.56 1.008 20:14:05 118
1.56 1.008 20:14:07 118
3.21 1.008 20:14:09 118
1.56 1.008 20:14:11 118
1.35 1.008 20:14:13 118
1.47 1.008 20:14:15 118
1.36 1.008 20:14:17 118
1.52 1.008 20:14:19 118
1.41 1.008 20:14:21 118
1.43 1.008 20:14:23 118
1.61 1.008 20:14:25 118
1.69 1.008 20:14:27 118
1.49 1.008 20:14:29 118
1.63 1.008 20:14:31 118
1.49 1.008 20:14:34 118
1.65 1.008 20:14:36 118
1.41 1.008 20:14:38 118
1.53 1.008 20:14:40 118
1.57 1.008 20:14:42 118
1.58 1.008 20:14:44 118
1.54 1.008 20:14:46 118
1.34 1.008 20:14:48 118
1.56 1.008 20:14:50 118
1.40 1.008 20:14:52 118
1.58 1.008 20:14:54 118
1.53 1.008 20:14:56 118
1.28 1.008 20:14:58 118
1.55 1.008 20:15:00 118
1.61 1.008 20:15:02 118
1.73 1.008 20:15:04 118
1.48 1.008 20:15:06 118
1.51 1.008 20:15:08 118
1.62 1.008 20:15:11 118
1.47 1.008 20:15:13 118
1.46 1.008 20:15:15 118
1.63 1.008 20:15:17 118
1.58 1.008 20:15:19 118
1.56 1.008 20:15:21 118
1.57 1.008 20:15:23 118
1.34 1.008 20:15:25 118
1.50 1.008 20:15:27 118
1.51 1.008 20:15:29 118
1.62 1.008 20:15:31 118
1.49 1.008 20:15:33 118
1.56 1.008 20:15:35 118
1.43 1.008 20:15:37 118
1.61 1.008 20:15:39 118
1.39 1.008 20:15:41 118
1.35 1.008 20:15:43 118
1.52 1.008 20:15:46 118
1.39 1.008 20:15:48 118
1.52 1.008 20:15:50 118
1.48 1.008 20:15:52 118
1.45 1.008 20:15:54 118
1.58 1.008 20:15:56 118
1.60 1.008 20:15:58 118
1.56 1.008 20:16:00 118
1.52 1.008 20:16:02 118
1.54 1.008 20:16:04 118
1.64 1.008 20:16:06 118
1.46 1.008 20:16:08 118
1.57 1.008 20:16:10 118
1.57 1.008 20:16:12 118
1.54 1.008 20:16:14 118
1.41 1.008 20:16:16 118
1.50 1.008 20:16:18 118
1.65 1.008 20:16:20 118
1.51 1.008 20:16:23 118
1.39 1.008 20:16:25 118
1.65 1.008 20:16:27 118
1.49 1.008 20:16:29 118
1.54 1.008 20:16:31 118
1.42 1.008 20:16:33 118
1.44 1.008 20:16:35 118
1.45 1.008 20:16:37 118
1.55 1.008 20:16:39 118
1.53 1.008 20:16:41 118
1.43 1.008 20:16:43 118
1.62 1.008 20:16:45 118
1.52 1.008 20:16:47 118
1.65 1.008 20:16:49 118
1.48 1.008 20:16:51 118
1.47 1.008 20:16:53 118
1.65 1.008 20:16:56 118
1.47 1.008 20:16:58 118
1.59 1.008 20:17:00 118
1.65 1.008 20:17:02 118
1.66 1.008 20:17:04 118
1.67 1.008 20:17:06 118
1.61 1.008 20:17:08 118
1.60 1.008 20:17:10 118
1.59 1.008 20:17:12 118
1.64 1.008 20:17:14 118
1.68 1.008 20:17:16 118
1.46 1.008 20:17:18 118
1.71 1.008 20:17:20 118
1.68 1.008 20:17:22 118
1.53 1.008 20:17:24 118
1.59 1.008 20:17:26 118
1.54 1.008 20:17:28 118
1.78 1.008 20:17:31 118
1.64 1.008 20:17:33 118
1.55 1.008 20:17:35 118
1.53 1.008 20:17:37 118
1.51 1.008 20:17:39 118
1.80 1.008 20:17:41 118
1.50 1.008 20:17:43 118
1.57 1.008 20:17:45 118
1.57 1.008 20:17:47 118
1.52 1.008 20:17:49 118
1.72 1.008 20:17:51 118
1.43 1.008 20:17:53 118
1.57 1.008 20:17:55 118
1.53 1.008 20:17:57 118
1.55 1.008 20:17:59 118
1.49 1.008 20:18:01 118
1.89 1.008 20:18:03 118
1.65 1.008 20:18:05 118
1.44 1.008 20:18:08 118
1.57 1.008 20:18:10 118
1.57 1.008 20:18:12 118
1.53 1.008 20:18:14 118
1.56 1.008 20:18:16 118
1.53 1.008 20:18:18 118
1.64 1.008 20:18:20 118
1.63 1.008 20:18:22 118
1.46 1.008 20:18:24 118
1.74 1.008 20:18:26 118
1.61 1.008 20:18:28 118
1.64 1.008 20:18:30 118
1.64 1.008 20:18:32 118
1.63 1.008 20:18:34 118
1.67 1.008 20:18:36 118
1.55 1.008 20:18:38 118
1.69 1.008 20:18:41 118
1.55 1.008 20:18:43 118
1.46 1.008 20:18:45 118
1.50 1.008 20:18:47 118
1.62 1.008 20:18:49 118
1.65 1.008 20:18:51 118
1.50 1.008 20:18:53 118
1.60 1.008 20:18:55 118
1.57 1.008 20:18:57 118
1.64 1.008 20:18:59 118
1.54 1.008 20:19:01 118
1.59 1.008 20:19:03 118
1.66 1.008 20:19:05 118
1.54 1.008 20:19:07 118
1.55 1.008 20:19:09 118
1.56 1.008 20:19:11 118
1.51 1.008 20:19:13 118
1.67 1.008 20:19:16 118
1.42 1.008 20:19:18 118
1.62 1.008 20:19:20 118
9.07 1.011 20:19:22 118
90.24 1.009 20:19:24 118
2.06 1.009 20:19:26 118
3.01 1.009 20:19:28 118
1.83 1.009 20:19:30 118
1.62 1.009 20:19:32 118
1.66 1.009 20:19:34 118
144.66 1.075 20:19:36 118
1.95 1.009 20:19:38 118
1.68 1.009 20:19:40 118
1.60 1.009 20:19:42 118
1.71 1.009 20:19:44 118
1.71 1.009 20:19:47 118
1.70 1.009 20:19:49 118
1.66 1.009 20:19:51 118
1.49 1.009 20:19:53 118
1.61 1.009 20:19:55 118
50.84 1.009 20:19:57 118
1.46 1.009 20:19:59 118
1.74 1.009 20:20:01 118
1.59 1.009 20:20:03 118
1.61 1.009 20:20:05 118
1.47 1.009 20:20:07 118
1.77 1.009 20:20:09 118
1.49 1.009 20:20:11 118
1.71 1.009 20:20:13 118
1.76 1.009 20:20:15 118
1.57 1.009 20:20:17 118
1.66 1.009 20:20:19 118
1.70 1.009 20:20:22 118
141.01 1.078 20:20:24 118
1.61 1.009 20:20:26 118
1.86 1.009 20:20:28 118
1.64 1.009 20:20:30 118
1.78 1.009 20:20:32 118
1.66 1.009 20:20:34 118
1.66 1.009 20:20:36 118
9.18 1.01 20:20:38 118
1.74 1.01 20:20:40 118
1.64 1.01 20:20:42 118
2.36 1.01 20:20:44 118
1.59 1.01 20:20:46 118
10.93 1.013 20:20:48 118
55.01 1.012 20:20:50 118
1.50 1.012 20:20:52 118
1.61 1.012 20:20:54 118
2.34 1.012 20:20:56 118
1.65 1.012 20:20:59 118
1.73 1.012 20:21:01 118
1.52 1.012 20:21:03 118
1.83 1.012 20:21:05 118
1.46 1.013 20:21:07 118
1.53 1.013 20:21:09 118
1.52 1.012 20:21:11 118
1.50 1.012 20:21:13 118
1.56 1.012 20:21:15 118
1.47 1.012 20:21:17 118
1.59 1.012 20:21:19 118
1.49 1.012 20:21:21 118
1.58 1.012 20:21:23 118
1.74 1.013 20:21:25 118
1.88 1.012 20:21:27 118
1.85 1.012 20:21:29 118
1.73 1.012 20:21:31 118
1.51 1.012 20:21:34 118
1.67 1.012 20:21:36 118
1.52 1.012 20:21:38 118
1.59 1.012 20:21:40 118
1.61 1.012 20:21:42 118
1.56 1.012 20:21:44 118
1.66 1.012 20:21:46 118
1.47 1.012 20:21:48 118
8.86 1.013 20:21:50 118
1.50 1.013 20:21:52 118
1.66 1.013 20:21:54 118
1.54 1.013 20:21:56 118
1.45 1.013 20:21:58 118
1.62 1.013 20:22:00 118
1.58 1.013 20:22:02 118
1.60 1.013 20:22:04 118
1.69 1.013 20:22:06 118
1.51 1.013 20:22:08 118
1.65 1.013 20:22:11 118
1.67 1.013 20:22:13 118
1.68 1.013 20:22:15 118
1.51 1.013 20:22:17 118
1.46 1.013 20:22:19 118
1.58 1.013 20:22:21 118
1.63 1.013 20:22:23 118
1.47 1.013 20:22:25 118
1.67 1.013 20:22:27 118
1.48 1.013 20:22:29 118
1.70 1.013 20:22:31 118
1.52 1.013 20:22:33 118
1.71 1.013 20:22:35 118
1.50 1.013 20:22:37 118
1.64 1.013 20:22:39 118
1.50 1.013 20:22:41 118
1.71 1.013 20:22:43 118
1.65 1.013 20:22:46 118
1.32 1.013 20:22:48 118
1.57 1.014 20:22:50 118
1.49 1.014 20:22:52 118
1.40 1.014 20:22:54 118
1.59 1.014 20:22:56 118
1.50 1.014 20:22:58 118
1.62 1.014 20:23:00 118
1.51 1.014 20:23:02 118
1.58 1.014 20:23:04 118
1.79 1.014 20:23:06 118
1.45 1.014 20:23:08 118
1.74 1.014 20:23:10 118
2.02 1.014 20:23:12 118
1.68 1.014 20:23:14 118
1.46 1.014 20:23:16 118
1.49 1.014 20:23:18 118
1.72 1.014 20:23:20 118
1.60 1.014 20:23:23 118
1.41 1.014 20:23:25 118
1.65 1.014 20:23:27 118
1.52 1.014 20:23:29 118
1.57 1.014 20:23:31 118
1.52 1.014 20:23:33 118
1.54 1.014 20:23:35 118
1.44 1.014 20:23:37 118
1.53 1.014 20:23:39 118
1.59 1.014 20:23:41 118
2.10 1.014 20:23:43 118
1.70 1.014 20:23:45 118
1.54 1.014 20:23:47 118
1.56 1.014 20:23:49 118
1.39 1.014 20:23:51 118
1.45 1.014 20:23:53 118
1.84 1.014 20:23:55 118
1.55 1.014 20:23:57 118
1.61 1.014 20:24:00 118
1.50 1.014 20:24:02 118
1.51 1.014 20:24:04 118
1.64 1.014 20:24:06 118
1.43 1.014 20:24:08 118
1.56 1.014 20:24:10 118
2.70 1.014 20:24:12 118
1.65 1.014 20:24:14 118
1.59 1.014 20:24:16 118
1.65 1.014 20:24:18 118
1.80 1.014 20:24:20 118
5.63 1.014 20:24:22 118
1.56 1.014 20:24:24 118
1.60 1.014 20:24:26 118
1.90 1.014 20:24:28 118
1.77 1.014 20:24:30 118
1.48 1.014 20:24:32 118
1.57 1.014 20:24:35 118
1.47 1.014 20:24:37 118
1.49 1.014 20:24:39 118
1.70 1.014 20:24:41 118
1.63 1.014 20:24:43 118
1.60 1.014 20:24:45 118
1.39 1.014 20:24:47 118
1.48 1.014 20:24:49 118
1.54 1.014 20:24:51 118
1.64 1.014 20:24:53 118
1.79 1.014 20:24:55 118
1.65 1.014 20:24:57 118
1.59 1.014 20:24:59 118
1.50 1.014 20:25:01 118
1.50 1.014 20:25:03 118
1.64 1.014 20:25:05 118
1.48 1.014 20:25:07 118
1.51 1.014 20:25:09 118
1.56 1.014 20:25:12 118
1.55 1.014 20:25:14 118
1.62 1.014 20:25:16 118
1.39 1.014 20:25:18 118
1.56 1.014 20:25:20 118
1.67 1.014 20:25:22 118
1.53 1.014 20:25:24 118
1.60 1.014 20:25:26 118
1.55 1.014 20:25:28 118
1.66 1.014 20:25:30 118
1.59 1.014 20:25:32 118
1.63 1.014 20:25:34 118
1.60 1.014 20:25:36 118
1.48 1.014 20:25:38 118
1.68 1.014 20:25:40 118
1.63 1.014 20:25:42 118
1.56 1.014 20:25:44 118
1.58 1.014 20:25:47 118
2.74 1.014 20:25:49 118
1.61 1.014 20:25:51 118
1.58 1.014 20:25:53 118
1.65 1.014 20:25:55 118
1.79 1.014 20:25:57 118
1.51 1.014 20:25:59 118
1.50 1.014 20:26:01 118
1.47 1.014 20:26:03 118
1.63 1.014 20:26:05 118
1.54 1.014 20:26:07 118
1.56 1.014 20:26:09 118
1.49 1.014 20:26:11 118
1.37 1.014 20:26:13 118
1.65 1.014 20:26:15 118
1.39 1.014 20:26:17 118
1.63 1.014 20:26:19 118
1.59 1.014 20:26:22 118
1.64 1.014 20:26:24 118
1.59 1.014 20:26:26 118
1.60 1.014 20:26:28 118
1.56 1.014 20:26:30 118
1.69 1.014 20:26:32 118
1.47 1.014 20:26:34 118
1.66 1.014 20:26:36 118
1.44 1.014 20:26:38 118
19.30 1.014 20:26:40 118
1.82 1.014 20:26:42 118
1.62 1.014 20:26:44 118
1.75 1.014 20:26:46 118
1.50 1.014 20:26:48 118
1.69 1.014 20:26:50 118
1.76 1.014 20:26:52 118
1.52 1.014 20:26:54 183
1.67 1.014 20:26:56 182
1.47 1.014 20:26:58 182
1.63 1.014 20:27:01 182
1.50 1.014 20:27:03 182
1.59 1.014 20:27:05 182
1.39 1.014 20:27:07 182
1.53 1.014 20:27:09 182
1.75 1.014 20:27:11 182
1.56 1.014 20:27:13 182
1.60 1.014 20:27:15 182
1.40 1.014 20:27:17 182
1.60 1.014 20:27:19 182
1.62 1.014 20:27:21 182
1.62 1.014 20:27:23 182
1.51 1.014 20:27:25 182
1.65 1.014 20:27:27 182
1.52 1.014 20:27:29 182
1.66 1.014 20:27:31 182
1.48 1.014 20:27:33 182
1.59 1.014 20:27:36 182
1.35 1.014 20:27:38 182
1.50 1.014 20:27:40 182
1.57 1.014 20:27:42 182
1.44 1.014 20:27:44 182
1.53 1.014 20:27:46 182
1.36 1.014 20:27:48 182
1.58 1.014 20:27:50 182
1.63 1.014 20:27:52 182
1.66 1.014 20:27:54 182
1.55 1.014 20:27:56 182
1.55 1.014 20:27:58 182
1.62 1.014 20:28:00 182
1.44 1.014 20:28:02 182
1.57 1.014 20:28:04 182
1.50 1.014 20:28:06 182
1.52 1.014 20:28:08 182
1.62 1.014 20:28:11 182
1.56 1.014 20:28:13 182
1.57 1.014 20:28:15 182
1.44 1.014 20:28:17 182
1.41 1.014 20:28:19 182
1.62 1.014 20:28:21 182
1.65 1.014 20:28:23 182
1.44 1.014 20:28:25 182
1.61 1.014 20:28:27 182
1.51 1.014 20:28:29 182
1.54 1.014 20:28:31 182
1.40 1.014 20:28:33 182
1.58 1.014 20:28:35 182
1.51 1.014 20:28:37 182
1.53 1.014 20:28:39 182
1.46 1.014 20:28:41 182
1.46 1.014 20:28:43 182
1.62 1.014 20:28:45 182
1.32 1.014 20:28:48 182
1.59 1.014 20:28:50 182
1.48 1.014 20:28:52 182
1.54 1.014 20:28:54 182
1.60 1.014 20:28:56 182
1.50 1.014 20:28:58 182
1.46 1.014 20:29:00 182
1.56 1.014 20:29:02 182
1.49 1.014 20:29:04 182
1.51 1.014 20:29:06 182
1.46 1.014 20:29:08 182
1.64 1.014 20:29:10 182
1.63 1.014 20:29:12 182
1.54 1.014 20:29:14 182
1.46 1.014 20:29:16 182
1.50 1.014 20:29:18 182
1.71 1.014 20:29:20 182
1.65 1.014 20:29:23 182
1.52 1.014 20:29:25 182
1.81 1.014 20:29:27 182
1.61 1.014 20:29:29 182
2.06 1.014 20:29:31 182
1.59 1.014 20:29:33 182
1.72 1.014 20:29:35 182
1.58 1.014 20:29:37 182
1.79 1.014 20:29:39 182
1.64 1.014 20:29:41 182
2.36 1.014 20:29:43 182
1.67 1.014 20:29:45 182
1.59 1.014 20:29:47 182
1.84 1.014 20:29:49 182
1.55 1.014 20:29:51 182
1.50 1.014 20:29:53 182
1.65 1.014 20:29:56 182
1.54 1.014 20:29:58 182
1.63 1.014 20:30:00 182
1.79 1.014 20:30:02 182
1.66 1.014 20:30:04 182
2.50 1.014 20:30:06 182
1.48 1.014 20:30:08 182
1.66 1.014 20:30:10 182
2.15 1.014 20:30:12 182
1.65 1.014 20:30:14 182
1.77 1.014 20:30:16 182
1.56 1.014 20:30:18 182
1.79 1.014 20:30:20 182
1.91 1.014 20:30:22 182
1.52 1.014 20:30:24 182
1.69 1.014 20:30:26 182
1.66 1.014 20:30:28 182
1.76 1.014 20:30:31 182
1.60 1.014 20:30:33 182
1.62 1.014 20:30:35 182
1.64 1.014 20:30:37 182
1.58 1.014 20:30:39 182
1.56 1.014 20:30:41 182
1.58 1.014 20:30:43 182
1.72 1.014 20:30:45 182
1.69 1.014 20:30:47 182
1.75 1.014 20:30:49 182
1.68 1.014 20:30:51 182
1.54 1.014 20:30:53 182
1.66 1.014 20:30:55 182
1.68 1.014 20:30:57 182
1.67 1.014 20:30:59 182
1.57 1.014 20:31:01 182
1.68 1.014 20:31:03 182
1.75 1.014 20:31:06 182
1.46 1.014 20:31:08 182
1.57 1.014 20:31:10 182
1.71 1.014 20:31:12 182
1.60 1.014 20:31:14 182
1.70 1.014 20:31:16 182
1.42 1.014 20:31:18 182
1.60 1.014 20:31:20 182
1.72 1.014 20:31:22 182
1.52 1.014 20:31:24 182
1.70 1.014 20:31:26 182
1.65 1.014 20:31:28 182
1.74 1.014 20:31:30 182
1.79 1.014 20:31:32 182
1.67 1.014 20:31:34 182
1.65 1.014 20:31:36 182
1.60 1.014 20:31:38 182
1.72 1.014 20:31:41 182
1.64 1.014 20:31:43 182
1.67 1.014 20:31:45 182
1.70 1.014 20:31:47 182
1.76 1.014 20:31:49 182
1.76 1.014 20:31:51 182
1.51 1.014 20:31:53 182
1.64 1.014 20:31:55 182
1.55 1.014 20:31:57 182
1.63 1.014 20:31:59 182
1.66 1.014 20:32:01 182
1.52 1.014 20:32:03 182
1.67 1.014 20:32:05 182
1.52 1.014 20:32:07 182
1.60 1.014 20:32:09 182
1.50 1.014 20:32:11 182
1.43 1.014 20:32:13 182
1.72 1.014 20:32:16 182
1.49 1.014 20:32:18 182
1.55 1.014 20:32:20 182
1.57 1.014 20:32:22 182
1.56 1.014 20:32:24 182
1.61 1.014 20:32:26 182
1.66 1.014 20:32:28 182
1.53 1.014 20:32:30 182
1.52 1.014 20:32:32 182
1.45 1.014 20:32:34 182
1.61 1.014 20:32:36 182
1.37 1.014 20:32:38 182
1.63 1.014 20:32:40 182
1.62 1.014 20:32:42 182
1.65 1.014 20:32:44 182
1.51 1.014 20:32:46 182
1.53 1.014 20:32:48 182
1.71 1.014 20:32:51 182
1.37 1.014 20:32:53 182
1.52 1.014 20:32:55 182
1.42 1.014 20:32:57 182
1.46 1.014 20:32:59 182
1.51 1.014 20:33:01 182
1.45 1.014 20:33:03 182
1.52 1.014 20:33:05 182
1.52 1.014 20:33:07 182
1.50 1.014 20:33:09 182
1.61 1.014 20:33:11 182
1.38 1.014 20:33:13 182
1.59 1.014 20:33:15 182
1.46 1.014 20:33:17 182
1.46 1.014 20:33:19 182
1.58 1.014 20:33:21 182
1.69 1.014 20:33:23 182
1.60 1.014 20:33:26 182
1.63 1.014 20:33:28 182
1.51 1.014 20:33:30 182
1.63 1.014 20:33:32 182
1.53 1.014 20:33:34 182
1.65 1.014 20:33:36 182
1.39 1.014 20:33:38 182
1.55 1.014 20:33:40 182
1.68 1.014 20:33:42 182
1.55 1.014 20:33:44 182
1.68 1.014 20:33:46 182
2.01 1.014 20:33:48 182
1.63 1.014 20:33:50 182
1.53 1.014 20:33:52 182
1.62 1.014 20:33:54 182
1.56 1.014 20:33:56 182
1.77 1.014 20:33:58 182
1.84 1.014 20:34:00 182
1.42 1.014 20:34:03 182
1.52 1.014 20:34:05 182
1.46 1.014 20:34:07 182
1.49 1.014 20:34:09 182
1.67 1.014 20:34:11 182
1.51 1.014 20:34:13 182
1.54 1.014 20:34:15 182
1.40 1.014 20:34:17 182
1.66 1.014 20:34:19 182
1.54 1.014 20:34:21 182
1.57 1.014 20:34:23 182
1.48 1.014 20:34:25 182
1.79 1.014 20:34:27 182
1.54 1.014 20:34:29 182
1.52 1.015 20:34:31 182
1.43 1.014 20:34:33 182
1.70 1.014 20:34:35 182
1.37 1.014 20:34:38 182
1.51 1.014 20:34:40 182
1.53 1.014 20:34:42 182
1.47 1.014 20:34:44 182
1.68 1.014 20:34:46 182
1.61 1.014 20:34:48 182
1.59 1.015 20:34:50 182
1.49 1.014 20:34:52 182
1.52 1.014 20:34:54 182
1.55 1.014 20:34:56 182
1.43 1.014 20:34:58 182
1.66 1.014 20:35:00 182
1.54 1.015 20:35:02 182
1.51 1.015 20:35:04 182
1.58 1.014 20:35:06 182
1.50 1.014 20:35:08 182
1.68 1.014 20:35:10 182
1.65 1.014 20:35:13 182
1.65 1.014 20:35:15 182
1.53 1.015 20:35:17 182
1.52 1.014 20:35:19 182
1.68 1.014 20:35:21 182
1.64 1.014 20:35:23 182
1.60 1.014 20:35:25 182
1.68 1.014 20:35:27 182
1.61 1.014 20:35:29 182
1.68 1.014 20:35:31 182
1.46 1.014 20:35:33 182
1.66 1.014 20:35:35 182
1.42 1.014 20:35:37 182
1.67 1.014 20:35:39 182
1.44 1.015 20:35:41 182
1.46 1.014 20:35:43 182
1.71 1.014 20:35:45 182
1.50 1.014 20:35:48 182
1.63 1.014 20:35:50 182
1.50 1.014 20:35:52 182
1.46 1.014 20:35:54 182
1.64 1.014 20:35:56 182
1.51 1.014 20:35:58 182
1.58 1.014 20:36:00 182
1.44 1.014 20:36:02 182
1.52 1.014 20:36:04 182
1.56 1.015 20:36:06 182
1.47 1.015 20:36:08 182
1.62 1.015 20:36:10 182
1.62 1.015 20:36:12 182
1.56 1.015 20:36:14 182
1.63 1.015 20:36:16 182
1.48 1.015 20:36:18 182
1.71 1.015 20:36:20 182
1.92 1.015 20:36:22 182
1.43 1.015 20:36:25 182
1.70 1.015 20:36:27 182
1.46 1.015 20:36:29 182
1.64 1.015 20:36:31 182
1.55 1.015 20:36:33 182
1.65 1.015 20:36:35 182
1.50 1.015 20:36:37 182
1.57 1.015 20:36:39 182
1.55 1.015 20:36:41 182
1.48 1.015 20:36:43 182
1.58 1.015 20:36:45 182
1.54 1.015 20:36:47 182
1.59 1.015 20:36:49 182
1.54 1.015 20:36:51 182
1.47 1.015 20:36:53 182
1.69 1.015 20:36:55 182
1.55 1.015 20:36:57 182
1.52 1.015 20:36:59 182
1.54 1.015 20:37:02 182
1.63 1.015 20:37:04 182
1.62 1.015 20:37:06 182
1.43 1.015 20:37:08 182
1.56 1.015 20:37:10 182
1.53 1.015 20:37:12 182
1.48 1.015 20:37:14 182
1.61 1.015 20:37:16 182
2.49 1.015 20:37:18 182
1.60 1.015 20:37:20 182
1.76 1.015 20:37:22 182
1.66 1.015 20:37:24 182
1.57 1.015 20:37:26 182
1.53 1.015 20:37:28 182
1.67 1.015 20:37:30 182
1.56 1.015 20:37:32 182
1.65 1.015 20:37:34 182
1.65 1.015 20:37:37 182
1.48 1.015 20:37:39 182
1.82 1.015 20:37:41 182
1.63 1.015 20:37:43 182
1.53 1.015 20:37:45 182
1.55 1.015 20:37:47 182
1.54 1.015 20:37:49 182
1.46 1.015 20:37:51 182
1.43 1.015 20:37:53 182
1.61 1.015 20:37:55 182
1.54 1.015 20:37:57 182
1.58 1.015 20:37:59 182
1.44 1.015 20:38:01 182
1.46 1.015 20:38:03 182
1.69 1.015 20:38:05 182
1.50 1.015 20:38:07 182
1.61 1.015 20:38:09 182
1.53 1.015 20:38:12 182
1.47 1.015 20:38:14 182
1.70 1.015 20:38:16 182
1.38 1.015 20:38:18 182
1.60 1.015 20:38:20 182
2.06 1.015 20:38:22 182
1.54 1.015 20:38:24 182
1.71 1.015 20:38:26 182
1.53 1.015 20:38:28 182
1.55 1.015 20:38:30 182
1.54 1.015 20:38:32 182
1.54 1.015 20:38:34 182
1.57 1.015 20:38:36 182
1.47 1.015 20:38:38 182
1.75 1.015 20:38:40 182
1.55 1.015 20:38:42 182
1.70 1.015 20:38:44 182
1.44 1.015 20:38:47 182
1.40 1.015 20:38:49 182
1.64 1.015 20:38:51 182
1.33 1.015 20:38:53 182
1.62 1.015 20:38:55 182
1.60 1.015 20:38:57 182
1.49 1.015 20:38:59 182
1.64 1.015 20:39:01 182
1.38 1.015 20:39:03 182
1.58 1.015 20:39:05 182
1.57 1.015 20:39:07 182
1.66 1.015 20:39:09 182
1.50 1.015 20:39:11 182
1.53 1.015 20:39:13 182
1.71 1.015 20:39:15 182
1.47 1.015 20:39:17 182
1.56 1.015 20:39:19 182
1.49 1.015 20:39:22 182
1.58 1.015 20:39:24 182
1.61 1.015 20:39:26 182
1.72 1.015 20:39:28 182
1.47 1.015 20:39:30 182
1.58 1.015 20:39:32 182
1.52 1.015 20:39:34 182
1.51 1.015 20:39:36 182
1.50 1.015 20:39:38 182
1.62 1.015 20:39:40 182
1.57 1.015 20:39:42 182
1.54 1.015 20:39:44 182
1.42 1.015 20:39:46 182
1.44 1.015 20:39:48 182
1.70 1.015 20:39:50 182
1.60 1.015 20:39:52 182
1.57 1.015 20:39:54 182
1.66 1.015 20:39:57 182
1.73 1.015 20:39:59 182
1.77 1.015 20:40:01 182
1.55 1.015 20:40:03 182
1.63 1.015 20:40:05 182
1.61 1.015 20:40:07 182
1.54 1.015 20:40:09 182
1.67 1.015 20:40:11 182
1.58 1.015 20:40:13 182
1.73 1.015 20:40:15 182
1.50 1.015 20:40:17 182
1.71 1.015 20:40:19 182
1.52 1.015 20:40:21 182
1.68 1.015 20:40:23 182
1.61 1.015 20:40:25 182
1.59 1.015 20:40:27 182
1.52 1.015 20:40:29 182
1.53 1.015 20:40:32 182
1.55 1.015 20:40:34 182
1.63 1.015 20:40:36 182
1.39 1.015 20:40:38 182
1.57 1.015 20:40:40 182
1.48 1.015 20:40:42 182
1.54 1.015 20:40:44 182
1.54 1.015 20:40:46 182
1.35 1.015 20:40:48 182
1.47 1.015 20:40:50 182
1.52 1.015 20:40:52 182
1.54 1.015 20:40:54 182
1.50 1.015 20:40:56 182
1.53 1.015 20:40:58 182
1.63 1.015 20:41:00 182
1.47 1.015 20:41:02 182
1.48 1.015 20:41:04 182
1.51 1.015 20:41:07 182
1.57 1.015 20:41:09 182
1.76 1.015 20:41:11 182
1.56 1.015 20:41:13 182
1.71 1.015 20:41:15 182
1.50 1.015 20:41:17 182
1.47 1.015 20:41:19 182
1.63 1.015 20:41:21 182
1.52 1.015 20:41:23 182
1.47 1.015 20:41:25 182
1.70 1.015 20:41:27 182
1.72 1.015 20:41:29 182
1.63 1.015 20:41:31 182
1.50 1.015 20:41:33 182
1.63 1.015 20:41:35 182
1.43 1.015 20:41:37 182
1.65 1.015 20:41:39 182
1.62 1.015 20:41:41 182
1.58 1.015 20:41:44 182
1.74 1.015 20:41:46 182
1.69 1.015 20:41:48 182
1.51 1.015 20:41:50 182
1.62 1.015 20:41:52 182
1.52 1.015 20:41:54 182
1.59 1.015 20:41:56 182
1.57 1.015 20:41:58 182
1.57 1.015 20:42:00 182
1.45 1.015 20:42:02 182
1.57 1.015 20:42:04 182
1.62 1.015 20:42:06 182
1.72 1.015 20:42:08 182
2.01 1.015 20:42:10 182
1.89 1.015 20:42:12 182
1.66 1.015 20:42:14 182
1.56 1.015 20:42:16 182
1.69 1.015 20:42:19 182
1.81 1.015 20:42:21 182
1.59 1.015 20:42:23 182
1.63 1.015 20:42:25 182
1.78 1.015 20:42:27 182
1.74 1.015 20:42:29 182
1.69 1.015 20:42:31 182
1.62 1.015 20:42:33 182
1.64 1.015 20:42:35 182
1.51 1.015 20:42:37 182
1.85 1.015 20:42:39 182
1.64 1.015 20:42:41 182
1.62 1.015 20:42:43 182
1.75 1.015 20:42:45 182
1.70 1.015 20:42:47 182
1.70 1.015 20:42:49 182
1.67 1.015 20:42:51 182
1.67 1.015 20:42:54 182
1.83 1.015 20:42:56 182
1.65 1.015 20:42:58 182
1.67 1.015 20:43:00 182
1.57 1.015 20:43:02 182
1.64 1.015 20:43:04 182
1.66 1.015 20:43:06 182
1.59 1.015 20:43:08 182
1.62 1.015 20:43:10 182
1.80 1.015 20:43:12 182
1.59 1.015 20:43:14 182
1.69 1.015 20:43:16 182
1.49 1.015 20:43:18 182
1.65 1.015 20:43:20 182
1.75 1.015 20:43:22 182
1.48 1.015 20:43:24 182
1.74 1.015 20:43:26 182
1.54 1.015 20:43:29 182
1.63 1.015 20:43:31 182
1.62 1.015 20:43:33 182
1.64 1.015 20:43:35 182
1.72 1.015 20:43:37 182
1.76 1.015 20:43:39 182
1.76 1.015 20:43:41 182
1.64 1.015 20:43:43 182
1.68 1.015 20:43:45 182
1.56 1.015 20:43:47 182
1.62 1.015 20:43:49 182
1.72 1.015 20:43:51 182
1.55 1.015 20:43:53 182
1.70 1.015 20:43:55 182
1.64 1.015 20:43:57 182
1.73 1.015 20:43:59 182
1.55 1.015 20:44:02 182
1.25 1.015 20:44:04 182
