Time CPU_Usage Hit_Miss Squid_Memory_Usage Request_Rate/(Min) Squid_Disk_Usage Cache_Memory_Usage Response_Time
20:41:24 0.01 HIT 664640 0.3 223 836 1539
20:41:29 0.01 HIT 664640 0.3 223 836 1549
20:41:34 0.01 HIT 664640 0.3 223 836 1602
20:41:39 0.01 HIT 664640 0.3 223 836 1523
20:41:44 0.01 HIT 664640 0.3 223 836 1548
20:41:49 0.01 HIT 664640 0.3 223 836 1559
20:42:09 0.01 HIT 664640 0.4 223 836 1562
20:42:15 0.01 HIT 664640 0.4 223 836 1587
20:42:20 0.01 HIT 664640 0.4 223 836 1543
20:42:25 0.01 HIT 664640 0.4 223 836 1528
20:42:30 0.01 HIT 664640 0.4 223 836 1546
20:42:35 0.01 HIT 664640 0.4 223 836 1546
20:42:40 0.01 HIT 664640 0.4 223 836 1595
20:42:45 0.01 HIT 664640 0.4 223 836 1495
20:42:50 0.01 HIT 664640 0.4 223 836 1522
20:42:55 0.01 HIT 664640 0.4 223 836 1590
20:43:00 0.01 HIT 664640 0.4 223 836 1539
20:43:05 0.01 HIT 664640 0.4 223 836 1505
20:43:10 0.01 HIT 664640 0.4 223 836 1546
20:43:15 0.01 HIT 664640 0.4 223 836 1520
20:43:20 0.01 HIT 664640 0.4 223 836 1517
20:43:25 0.01 HIT 664640 0.4 223 836 1530
20:43:30 0.01 HIT 664640 0.4 223 836 1493
20:43:35 0.01 HIT 664640 0.4 223 836 1515
20:43:40 0.01 HIT 664640 0.4 223 836 1512
20:43:45 0.01 HIT 664640 0.4 223 836 1556
20:43:50 0.01 HIT 664640 0.4 223 836 1544
20:43:55 0.01 HIT 664640 0.4 223 836 1504
20:44:00 0.01 HIT 664640 0.4 223 836 1502
20:44:05 0.01 HIT 664640 0.4 223 836 1591
20:44:10 0.01 HIT 664640 0.4 223 836 1531
20:44:15 0.01 HIT 664640 0.4 223 836 1573
20:44:21 0.01 HIT 664640 0.4 223 836 1558
20:44:26 0.01 HIT 664640 0.4 223 836 1522
20:44:31 0.01 HIT 664640 0.4 223 836 1586
20:44:36 0.01 HIT 664640 0.4 223 836 1518
20:44:41 0.01 HIT 664640 0.4 223 836 1512
20:44:46 0.01 HIT 664640 0.4 223 836 1557
20:44:51 0.01 HIT 664640 0.4 223 836 1513
20:44:56 0.01 HIT 664640 0.4 223 836 1545
20:45:01 0.01 HIT 664640 0.4 223 836 1555
20:45:06 0.01 HIT 664640 0.4 223 836 1551
20:45:11 0.01 HIT 664640 0.4 223 836 1577
20:45:16 0.01 HIT 664640 0.4 223 836 1498
20:45:21 0.01 HIT 664640 0.4 223 836 1564
20:45:26 0.01 HIT 664640 0.4 223 836 1577
20:45:31 0.01 HIT 664640 0.4 223 836 1529
20:45:36 0.01 HIT 664640 0.4 223 836 1501
20:45:41 0.01 HIT 664640 0.4 223 836 1538
20:45:46 0.01 HIT 664640 0.4 223 836 1521
20:45:51 0.01 HIT 664640 0.4 223 836 1527
20:45:56 0.01 HIT 664640 0.4 223 836 1526
20:46:01 0.01 HIT 664640 0.4 223 836 1539
20:46:06 0.01 HIT 664640 0.4 223 836 1551
20:46:11 0.01 HIT 664640 0.4 223 836 1531
20:46:16 0.01 HIT 664640 0.4 223 836 1517
20:46:22 0.01 HIT 664640 0.4 223 836 1564
20:46:27 0.01 HIT 664640 0.4 223 836 1523
20:46:32 0.01 HIT 664640 0.4 223 836 1558
20:46:37 0.01 HIT 664640 0.4 223 836 1560
20:46:42 0.01 HIT 664640 0.4 223 836 1553
20:46:47 0.01 HIT 664640 0.4 223 836 1581
20:46:52 0.01 HIT 664640 0.4 223 836 1525
20:46:57 0.01 HIT 664640 0.4 223 836 1541
20:47:02 0.01 HIT 664640 0.4 223 836 1585
20:47:07 0.01 HIT 664640 0.4 223 836 1522
20:47:12 0.01 HIT 664640 0.4 223 836 1560
20:47:17 0.01 HIT 664640 0.4 223 836 1554
20:47:22 0.01 HIT 664640 0.4 223 836 1524
20:47:27 0.01 HIT 664640 0.4 223 836 1565
20:47:32 0.01 HIT 664640 0.4 223 836 1515
20:47:37 0.01 HIT 664640 0.4 223 836 1534
20:47:42 0.01 HIT 664640 0.4 223 836 1584
20:47:47 0.01 HIT 664640 0.4 223 836 1511
20:47:52 0.01 HIT 664640 0.4 223 836 1554
20:47:57 0.01 HIT 664640 0.4 223 836 1563
20:48:03 0.01 HIT 664640 0.4 223 836 1521
20:48:08 0.01 HIT 664640 0.4 223 836 1553
20:48:13 0.01 HIT 664640 0.4 223 836 1546
20:48:18 0.01 HIT 664640 0.4 223 836 1529
20:48:23 0.01 HIT 664640 0.4 223 836 1545
20:48:28 0.01 HIT 664640 0.4 223 836 1490
20:48:33 0.01 HIT 664640 0.4 223 836 1582
20:48:38 0.01 MISS 664640 0.4 223 840 1524
20:48:43 0.01 MISS 664640 0.4 223 844 1501
20:48:48 0.01 MISS 665040 0.4 223 848 1614
20:48:53 0.01 MISS 665040 0.4 223 852 1505
20:48:58 0.01 MISS 665040 0.4 223 856 1541
20:49:03 0.01 MISS 665040 0.4 223 860 1589
20:49:08 0.01 MISS 665040 0.4 223 864 1529
20:49:13 0.01 MISS 665040 0.4 223 868 1554
20:49:18 0.01 MISS 665040 0.4 223 872 1560
20:49:23 0.01 MISS 665040 0.4 223 876 1553
20:49:28 0.01 MISS 665040 0.4 223 880 1577
20:49:33 0.01 MISS 665040 0.4 223 884 1544
20:49:38 0.01 MISS 665040 0.4 223 888 1524
20:49:44 0.01 MISS 665040 0.4 223 892 1593
20:49:49 0.01 MISS 665040 0.4 223 896 1531
20:49:54 0.01 MISS 665040 0.5 223 900 1557
20:49:59 0.01 MISS 665040 0.5 223 904 1545
20:50:04 0.01 MISS 665040 0.5 223 908 1545
20:50:09 0.01 MISS 665440 0.5 223 912 1572
20:50:14 0.01 MISS 665440 0.5 223 916 1502
20:50:19 0.01 MISS 665440 0.5 223 920 1518
20:50:24 0.01 MISS 665440 0.5 223 924 1597
20:50:29 0.01 MISS 665440 0.5 223 928 1541
20:50:34 0.01 MISS 665440 0.5 223 932 1544
20:50:39 0.01 MISS 665440 0.5 223 936 1541
20:50:44 0.01 MISS 665440 0.5 223 940 1510
20:50:49 0.01 MISS 665440 0.5 223 944 1558
20:50:54 0.01 MISS 665440 0.5 223 948 1548
20:50:59 0.01 MISS 665440 0.5 223 952 1520
20:51:04 0.01 MISS 665440 0.5 223 956 1548
20:51:09 0.01 MISS 665440 0.5 223 960 1548
20:51:14 0.01 MISS 665440 0.5 223 964 1537
20:51:19 0.01 MISS 665440 0.5 223 968 1533
20:51:24 0.01 MISS 665440 0.5 223 972 1586
20:51:30 0.01 MISS 665840 0.5 223 976 1538
20:51:35 0.01 MISS 665840 0.5 223 980 1568
20:51:40 0.01 MISS 665840 0.5 223 984 1538
20:51:45 0.01 MISS 665840 0.5 224 988 1565
20:51:50 0.01 MISS 665840 0.5 224 992 1537
20:51:55 0.01 MISS 665840 0.5 224 996 1538
20:52:00 0.01 MISS 665840 0.5 224 1000 1561
20:52:05 0.01 MISS 665840 0.5 224 1004 1514
20:52:10 0.01 MISS 665840 0.5 224 1008 1529
20:52:15 0.01 MISS 665840 0.5 224 1012 1542
20:52:20 0.01 MISS 665840 0.5 224 1016 1541
20:52:25 0.01 MISS 665840 0.5 224 1020 1576
20:52:30 0.01 MISS 665840 0.5 224 1024 1559
20:52:35 0.01 MISS 665840 0.5 224 1028 1529
20:52:40 0.01 MISS 665840 0.5 224 1032 1542
20:52:45 0.01 MISS 665840 0.5 224 1036 1532
20:52:50 0.01 MISS 666240 0.5 224 1040 1565
20:52:55 0.01 MISS 666240 0.5 224 1044 1575
20:53:00 0.01 MISS 666240 0.5 224 1048 1533
20:53:05 0.01 MISS 666240 0.5 224 1052 1559
20:53:10 0.01 MISS 666240 0.5 224 1056 1520
20:53:15 0.01 MISS 666240 0.5 224 1060 1512
20:53:21 0.01 MISS 666240 0.5 224 1064 1536
20:53:26 0.01 MISS 666240 0.5 224 1068 1526
20:53:31 0.01 MISS 666240 0.5 224 1072 1578
20:53:36 0.01 MISS 666240 0.5 224 1076 1574
20:53:41 0.01 MISS 666240 0.5 224 1080 1527
20:53:46 0.01 MISS 666240 0.5 224 1084 1573
20:53:51 0.01 MISS 666240 0.5 224 1088 1539
20:53:56 0.01 MISS 666240 0.5 224 1092 1563
20:54:01 0.01 MISS 666240 0.5 224 1096 1613
20:54:06 0.01 MISS 666240 0.5 224 1100 1505
20:54:11 0.01 MISS 666640 0.5 224 1104 1555
20:54:16 0.01 MISS 666640 0.5 224 1108 1566
20:54:21 0.01 MISS 666640 0.5 224 1112 1499
20:54:26 0.01 MISS 666640 0.5 224 1116 1552
20:54:31 0.01 MISS 666640 0.5 224 1120 1509
20:54:36 0.01 MISS 666640 0.5 224 1124 1562
20:54:41 0.01 MISS 666640 0.5 224 1128 1555
20:54:46 0.01 MISS 666640 0.5 224 1132 1555
20:54:51 0.01 MISS 666640 0.5 224 1136 1541
20:54:57 0.01 MISS 666640 0.5 224 1140 1558
20:55:02 0.01 MISS 666640 0.5 224 1144 1528
20:55:07 0.01 MISS 666640 0.5 224 1148 1538
20:55:12 0.01 MISS 666640 0.5 224 1152 1551
20:55:17 0.01 MISS 666640 0.5 224 1156 1505
20:55:22 0.01 MISS 666640 0.5 224 1160 1567
20:55:27 0.01 MISS 666640 0.5 224 1164 1522
20:55:32 0.01 MISS 667040 0.5 224 1168 1570
20:55:37 0.01 MISS 667040 0.5 224 1172 1581
20:55:42 0.01 MISS 667040 0.5 224 1176 1540
20:55:47 0.01 MISS 667040 0.5 224 1180 1579
20:55:52 0.01 MISS 667040 0.5 224 1184 1535
20:55:57 0.01 MISS 667040 0.5 224 1188 1535
20:56:02 0.01 MISS 667040 0.5 224 1192 1559
20:56:07 0.01 MISS 667040 0.5 224 1196 1510
20:56:12 0.01 MISS 667040 0.5 224 1200 1508
20:56:17 0.01 MISS 667040 0.5 224 1204 1537
20:56:22 0.01 MISS 667040 0.5 224 1208 1538
20:56:27 0.01 MISS 667040 0.5 224 1212 1533
20:56:32 0.01 MISS 667040 0.5 224 1216 1573
20:56:37 0.01 MISS 667040 0.5 224 1220 1546
20:56:43 0.01 MISS 667040 0.5 224 1224 1554
20:56:48 0.01 MISS 667040 0.5 224 1228 1548
20:56:53 0.01 MISS 667440 0.5 224 1232 1536
20:56:58 0.01 MISS 667440 0.5 224 1236 1569
20:57:03 0.01 MISS 667440 0.5 224 1240 1530
20:57:08 0.01 MISS 667440 0.5 224 1244 1560
20:57:13 0.01 MISS 667440 0.5 224 1248 1543
20:57:18 0.01 MISS 667440 0.5 224 1252 1528
20:57:23 0.01 MISS 667440 0.5 224 1256 1552
20:57:28 0.01 MISS 667440 0.5 224 1260 1531
20:57:33 0.01 MISS 667440 0.5 224 1264 1529
20:57:38 0.01 MISS 667440 0.5 224 1268 1585
20:57:43 0.01 MISS 667440 0.5 224 1272 1527
20:57:48 0.01 MISS 667440 0.6 224 1276 1530
20:57:53 0.01 MISS 667440 0.6 224 1280 1577
20:57:58 0.01 MISS 667440 0.6 224 1284 1541
20:58:03 0.01 MISS 667440 0.6 224 1288 1576
20:58:08 0.01 MISS 667440 0.6 224 1292 1574
20:58:13 0.01 MISS 667840 0.6 224 1296 1540
20:58:19 0.01 MISS 667840 0.6 224 1300 1572
20:58:24 0.01 MISS 667840 0.6 224 1304 1566
20:58:29 0.01 MISS 667840 0.6 224 1308 1564
20:58:34 0.01 MISS 667840 0.6 224 1312 1565
20:58:39 0.01 MISS 667840 0.6 224 1316 1544
20:58:44 0.01 MISS 667840 0.6 224 1320 1572
20:58:49 0.01 MISS 667840 0.6 224 1324 1541
20:58:54 0.01 MISS 667840 0.6 224 1328 1534
20:58:59 0.01 MISS 667840 0.6 224 1332 1586
20:59:04 0.01 MISS 667840 0.6 224 1336 1534
20:59:09 0.01 MISS 667840 0.6 224 1340 1570
20:59:14 0.01 MISS 667840 0.6 224 1344 1562
20:59:19 0.01 MISS 667840 0.6 224 1348 1533
20:59:24 0.01 MISS 667840 0.6 224 1352 1641
20:59:29 0.01 MISS 667840 0.6 224 1356 1579
20:59:34 0.01 MISS 668240 0.6 224 1360 1555
20:59:40 0.01 MISS 668240 0.6 224 1364 1555
20:59:45 0.01 MISS 668240 0.6 224 1368 1543
20:59:50 0.01 MISS 668240 0.6 224 1372 1564
20:59:55 0.01 MISS 668240 0.6 224 1376 1541
21:00:00 0.01 MISS 668240 0.6 224 1380 1552
21:00:05 0.01 MISS 668240 0.6 224 1384 1555
21:00:10 0.01 MISS 668240 0.6 224 1388 1536
21:00:15 0.01 MISS 668240 0.6 224 1392 1524
21:00:20 0.01 MISS 668240 0.6 224 1396 1537
21:00:25 0.01 MISS 668240 0.6 224 1400 1534
21:00:30 0.01 MISS 668240 0.6 224 1404 1603
21:00:35 0.01 MISS 668240 0.6 224 1408 1522
21:00:40 0.01 MISS 668240 0.6 224 1412 1528
21:00:45 0.01 MISS 668240 0.6 224 1416 1547
21:00:50 0.01 MISS 668240 0.6 224 1420 1549
21:00:55 0.01 MISS 668640 0.6 224 1424 1560
21:01:00 0.01 MISS 668640 0.6 224 1428 1535
21:01:05 0.01 MISS 668640 0.6 224 1432 1524
21:01:10 0.01 MISS 668640 0.6 224 1436 1588
21:01:15 0.01 MISS 668640 0.6 224 1440 1512
21:01:20 0.01 MISS 668640 0.6 224 1444 1529
21:01:26 0.01 MISS 668640 0.6 225 1448 1582
21:01:31 0.01 MISS 668640 0.6 225 1452 1533
21:01:36 0.01 MISS 668640 0.6 225 1456 1569
21:01:41 0.01 MISS 668640 0.6 225 1460 1520
21:01:46 0.01 MISS 668640 0.6 225 1464 1548
21:01:51 0.01 MISS 668640 0.6 225 1468 1598
21:01:56 0.01 MISS 668640 0.6 225 1472 1553
21:02:01 0.01 MISS 668640 0.6 225 1476 1573
21:02:06 0.01 MISS 668640 0.6 225 1480 1540
21:02:11 0.01 MISS 668640 0.6 225 1484 1514
21:02:16 0.01 MISS 669040 0.6 225 1488 1570
21:02:21 0.01 MISS 669040 0.6 225 1492 1531
21:02:26 0.01 MISS 669040 0.6 225 1496 1554
21:02:31 0.01 MISS 669040 0.6 225 1500 1552
21:02:36 0.01 MISS 669040 0.6 225 1504 1554
21:02:41 0.01 MISS 669040 0.6 225 1508 1569
21:02:46 0.01 MISS 669040 0.6 225 1512 1523
21:02:51 0.01 MISS 669040 0.6 225 1516 1532
21:02:57 0.01 MISS 669040 0.6 225 1520 1588
21:03:02 0.01 MISS 669040 0.6 225 1524 1541
21:03:07 0.01 MISS 669040 0.6 225 1528 1589
21:03:12 0.01 MISS 669040 0.6 225 1532 1521
21:03:17 0.01 MISS 669040 0.6 225 1536 1526
21:03:22 0.01 MISS 669040 0.6 225 1540 1588
21:03:27 0.01 MISS 669040 0.6 225 1544 1519
21:03:32 0.01 MISS 669040 0.6 225 1548 1575
21:03:37 0.01 MISS 669440 0.6 225 1552 1565
21:03:42 0.01 MISS 669440 0.6 225 1556 1546
21:03:47 0.01 MISS 669440 0.6 225 1560 1546
21:03:52 0.01 MISS 669440 0.6 225 1564 1561
21:03:57 0.01 MISS 669440 0.6 225 1568 1533
21:04:02 0.01 MISS 669440 0.6 225 1572 1601
21:04:07 0.01 MISS 669440 0.6 225 1576 1528
21:04:12 0.01 MISS 669440 0.6 225 1580 1513
21:04:17 0.01 MISS 669440 0.6 225 1584 1599
21:04:22 0.01 MISS 669440 0.6 225 1588 1529
21:04:28 0.01 MISS 669440 0.6 225 1592 1603
21:04:33 0.01 MISS 669440 0.6 225 1596 1558
21:04:38 0.01 MISS 669440 0.6 225 1600 1557
21:04:43 0.01 MISS 669440 0.6 225 1604 1564
21:04:48 0.01 MISS 669440 0.6 225 1608 1560
21:04:53 0.01 MISS 669440 0.6 225 1612 1551
21:04:58 0.01 MISS 669840 0.6 225 1616 1577
21:05:03 0.01 MISS 669840 0.6 225 1620 1509
21:05:08 0.01 MISS 669840 0.6 225 1624 1545
21:05:13 0.01 MISS 669840 0.6 225 1628 1542
21:05:18 0.01 MISS 669840 0.6 225 1632 1543
21:05:23 0.01 MISS 669840 0.6 225 1636 1594
21:05:28 0.01 MISS 669840 0.6 225 1640 1557
21:05:33 0.01 MISS 669840 0.6 225 1644 1572
21:05:38 0.01 MISS 669840 0.6 225 1648 1563
21:05:43 0.01 MISS 669840 0.7 225 1652 1525
21:05:49 0.01 MISS 669840 0.7 225 1656 1558
21:05:54 0.01 MISS 669840 0.7 225 1660 1536
21:05:59 0.01 MISS 669840 0.7 225 1664 1573
21:06:04 0.01 MISS 669840 0.7 225 1668 1579
21:06:09 0.01 MISS 669840 0.7 225 1672 1551
21:06:14 0.01 MISS 669840 0.7 225 1676 1557
21:06:19 0.01 MISS 670240 0.7 225 1680 1565
21:06:24 0.01 MISS 670240 0.7 225 1684 1549
21:06:29 0.01 MISS 670240 0.7 225 1688 1606
21:06:34 0.01 MISS 670240 0.7 225 1692 1525
21:06:39 0.01 MISS 670240 0.7 225 1696 1520
21:06:44 0.01 MISS 670240 0.7 225 1700 1557
21:06:49 0.01 MISS 670240 0.7 225 1704 1520
21:06:54 0.01 MISS 670240 0.7 225 1708 1615
21:06:59 0.01 MISS 670240 0.7 225 1712 1526
21:07:04 0.01 MISS 670240 0.7 225 1716 1542
21:07:09 0.01 MISS 670240 0.7 225 1720 1581
21:07:15 0.01 MISS 670240 0.7 225 1724 1562
21:07:20 0.01 MISS 670240 0.7 225 1728 1557
21:07:25 0.01 MISS 670240 0.7 225 1732 1545
21:07:30 0.01 MISS 670240 0.7 225 1736 1530
21:07:35 0.01 MISS 670240 0.7 225 1740 1572
21:07:40 0.01 MISS 670640 0.7 225 1744 1509
21:07:45 0.01 MISS 670640 0.7 225 1748 1553
21:07:50 0.01 MISS 670640 0.7 225 1752 1495
21:07:55 0.01 MISS 670640 0.7 225 1756 1494
21:08:00 0.01 MISS 670640 0.7 225 1760 1588
21:08:05 0.01 MISS 670640 0.7 225 1764 1518
21:08:10 0.01 MISS 670640 0.7 225 1768 1542
21:08:15 0.01 MISS 670640 0.7 225 1772 1583
21:08:20 0.01 MISS 670640 0.7 225 1776 1514
21:08:25 0.01 MISS 670640 0.7 225 1780 1568
21:08:30 0.01 MISS 670640 0.7 225 1784 1582
21:08:35 0.01 MISS 670640 0.7 225 1788 1561
21:08:40 0.01 MISS 670640 0.7 225 1792 1587
21:08:45 0.01 MISS 670640 0.7 225 1796 1514
21:08:50 0.01 MISS 670640 0.7 225 1800 1546
21:08:55 0.01 MISS 670640 0.7 225 1804 1556
21:09:01 0.01 MISS 671040 0.7 225 1808 1553
21:09:06 0.01 MISS 671040 0.7 225 1812 1573
21:09:11 0.01 MISS 671040 0.7 225 1816 1545
21:09:16 0.01 MISS 671040 0.7 225 1820 1531
21:09:21 0.01 MISS 671040 0.7 225 1824 1580
21:09:26 0.01 MISS 671040 0.7 225 1828 1604
21:09:31 0.01 MISS 671040 0.7 225 1832 1549
21:09:36 0.01 MISS 671040 0.7 225 1836 1545
21:09:41 0.01 MISS 671040 0.7 225 1840 1542
21:09:46 0.01 MISS 671040 0.7 225 1844 1546
21:09:51 0.01 MISS 671040 0.7 225 1848 1539
21:09:56 0.01 MISS 671040 0.7 225 1852 1557
21:10:01 0.01 MISS 671040 0.7 225 1856 1583
21:10:06 0.01 MISS 671040 0.7 225 1860 1539
21:10:11 0.01 MISS 671040 0.7 225 1864 1560
21:10:16 0.01 MISS 671040 0.7 225 1868 1540
21:10:21 0.01 MISS 671040 0.7 225 1872 1520
21:10:27 0.01 MISS 671040 0.7 225 1876 1581
21:10:32 0.01 MISS 671040 0.7 225 1880 1529
21:10:37 0.01 MISS 671040 0.7 225 1884 1573
21:10:42 0.01 MISS 671040 0.7 225 1888 1574
21:10:47 0.01 MISS 671040 0.7 225 1892 1536
21:10:52 0.01 MISS 671040 0.7 225 1896 1557
21:10:57 0.01 MISS 671040 0.7 225 1900 1546
21:11:02 0.01 MISS 671040 0.7 225 1904 1591
21:11:07 0.01 MISS 671040 0.7 225 1908 1580
21:11:12 0.01 MISS 671040 0.7 225 1912 1539
21:11:17 0.01 MISS 671040 0.7 226 1916 1528
21:11:22 0.01 MISS 671040 0.7 226 1920 1528
21:11:27 0.01 MISS 671040 0.7 226 1924 1574
21:11:32 0.01 MISS 671040 0.7 226 1928 1589
21:11:37 0.01 MISS 671040 0.7 226 1932 1498
21:11:42 0.01 MISS 671840 0.7 226 1936 1549
21:11:47 0.01 MISS 671840 0.7 226 1940 1568
21:11:52 0.01 MISS 671840 0.7 226 1944 1529
21:11:58 0.01 MISS 671840 0.7 226 1948 1601
21:12:03 0.01 MISS 671840 0.7 226 1952 1561
21:12:08 0.01 MISS 671840 0.7 226 1956 1566
21:12:13 0.01 MISS 671840 0.7 226 1960 1588
21:12:18 0.01 MISS 671840 0.7 226 1964 1536
21:12:23 0.01 MISS 671840 0.7 226 1968 1568
21:12:28 0.01 MISS 671840 0.7 226 1972 1589
21:12:33 0.01 MISS 671840 0.7 226 1976 1543
21:12:38 0.01 MISS 671840 0.7 226 1980 1610
21:12:43 0.01 MISS 671840 0.7 226 1984 1514
21:12:48 0.01 MISS 671840 0.7 226 1988 1564
21:12:53 0.01 MISS 671840 0.7 226 1992 1543
21:12:58 0.01 MISS 671840 0.7 226 1996 1516
21:13:03 0.01 MISS 672240 0.7 226 2000 1609
21:13:08 0.01 MISS 672240 0.7 226 2004 1563
21:13:14 0.01 MISS 672240 0.7 226 2008 1581
21:13:19 0.01 MISS 672240 0.7 226 2012 1542
21:13:24 0.01 MISS 672240 0.7 226 2016 1548
21:13:29 0.01 MISS 672240 0.7 226 2020 1576
21:13:34 0.01 MISS 672240 0.7 226 2024 1526
21:13:39 0.01 MISS 672240 0.8 226 2028 1538
21:13:44 0.01 MISS 672240 0.8 226 2032 1545
21:13:49 0.01 MISS 672240 0.8 226 2036 1510
21:13:54 0.01 MISS 672240 0.8 226 2040 1548
21:13:59 0.01 MISS 672240 0.8 226 2044 1562
21:14:04 0.01 MISS 672240 0.8 226 2048 1537
21:14:09 0.01 MISS 672240 0.8 226 2052 1591
21:14:14 0.01 MISS 672240 0.8 226 2056 1517
21:14:19 0.01 MISS 672240 0.8 226 2060 1557
21:14:24 0.01 MISS 672640 0.8 226 2064 1585
21:14:29 0.01 MISS 672640 0.8 226 2068 1546
21:14:34 0.01 MISS 672640 0.8 226 2072 1635
21:14:40 0.01 MISS 672640 0.8 226 2076 1528
21:14:45 0.01 MISS 672640 0.8 226 2080 1556
21:14:50 0.01 MISS 672640 0.8 226 2084 1559
21:14:55 0.01 MISS 672640 0.8 226 2088 1578
21:15:00 0.01 MISS 672640 0.8 226 2092 1593
21:15:05 0.01 MISS 672640 0.8 226 2096 1526
21:15:10 0.01 MISS 672640 0.8 226 2100 1556
21:15:15 0.01 MISS 672640 0.8 226 2104 1561
21:15:20 0.01 MISS 672640 0.8 226 2108 1527
21:15:25 0.01 MISS 672640 0.8 226 2112 1559
21:15:30 0.01 MISS 672640 0.8 226 2116 1575
21:15:35 0.01 MISS 672640 0.8 226 2120 1525
21:15:40 0.01 MISS 672640 0.8 226 2124 1587
21:15:45 0.01 MISS 673040 0.8 226 2128 1561
21:15:50 0.01 MISS 673040 0.8 226 2132 1547
21:15:55 0.01 MISS 673040 0.8 226 2136 1607
21:16:00 0.01 MISS 673040 0.8 226 2140 1521
21:16:06 0.01 MISS 673040 0.8 226 2144 1557
21:16:11 0.01 MISS 673040 0.8 226 2148 1592
21:16:16 0.01 MISS 673040 0.8 226 2152 1533
21:16:21 0.01 MISS 673040 0.8 226 2156 1575
21:16:26 0.01 MISS 673040 0.8 226 2160 1557
21:16:31 0.01 MISS 673040 0.8 226 2164 1556
21:16:36 0.01 MISS 673040 0.8 226 2168 1558
21:16:41 0.01 MISS 673040 0.8 226 2172 1566
21:16:46 0.01 MISS 673040 0.8 226 2176 1566
21:16:51 0.01 MISS 673040 0.8 226 2180 1530
21:16:56 0.01 MISS 673040 0.8 226 2184 1560
21:17:01 0.01 MISS 673040 0.8 226 2188 1565
21:17:06 0.01 MISS 673440 0.8 226 2192 1539
21:17:11 0.01 MISS 673440 0.8 226 2196 1564
21:17:16 0.01 MISS 673440 0.8 226 2200 1556
21:17:21 0.01 MISS 673440 0.8 226 2204 1533
21:17:27 0.01 MISS 673440 0.8 226 2208 1575
21:17:32 0.01 MISS 673440 0.8 226 2212 1555
21:17:37 0.01 MISS 673440 0.8 226 2216 1524
21:17:42 0.01 MISS 673440 0.8 226 2220 1579
21:17:47 0.01 MISS 673440 0.8 226 2224 1517
21:17:52 0.01 MISS 673440 0.8 226 2228 1550
21:17:57 0.01 MISS 673440 0.8 226 2232 1561
21:18:02 0.01 MISS 673440 0.8 226 2236 1556
21:18:07 0.01 MISS 673440 0.8 226 2240 1613
21:18:12 0.01 MISS 673440 0.8 226 2244 1533
21:18:17 0.01 MISS 673440 0.8 226 2248 1545
21:18:22 0.01 MISS 673440 0.8 226 2252 1509
21:18:27 0.01 MISS 673840 0.8 226 2256 1549
21:18:32 0.01 MISS 673840 0.8 226 2260 1588
21:18:37 0.01 MISS 673840 0.8 226 2264 1519
21:18:42 0.01 MISS 673840 0.8 226 2268 1538
21:18:47 0.01 MISS 673840 0.8 226 2272 1608
21:18:52 0.01 MISS 673840 0.8 226 2276 1525
21:18:57 0.01 MISS 673840 0.8 226 2280 1545
21:19:02 0.01 MISS 673840 0.8 226 2284 1510
21:19:08 0.01 MISS 673840 0.8 226 2288 1540
21:19:13 0.01 MISS 673840 0.8 226 2292 1561
21:19:18 0.01 MISS 673840 0.8 226 2296 1521
21:19:23 0.01 MISS 673840 0.8 226 2300 1526
21:19:28 0.01 MISS 673840 0.8 226 2304 1549
21:19:33 0.01 MISS 673840 0.8 226 2308 1545
21:19:38 0.01 MISS 673840 0.8 226 2312 1582
21:19:43 0.01 MISS 673840 0.8 226 2316 1526
21:19:48 0.01 MISS 674240 0.8 226 2320 1573
21:19:53 0.01 MISS 674240 0.8 226 2324 1560
21:19:58 0.01 MISS 674240 0.8 226 2328 1558
21:20:03 0.01 MISS 674240 0.8 226 2332 1537
21:20:08 0.01 MISS 674240 0.8 226 2336 1604
21:20:13 0.01 MISS 674240 0.8 226 2340 1549
21:20:18 0.01 MISS 674240 0.8 226 2344 1572
21:20:23 0.01 MISS 674240 0.8 226 2348 1540
21:20:28 0.01 MISS 674240 0.8 226 2352 1569
21:20:34 0.01 MISS 674240 0.8 226 2356 1560
21:20:39 0.01 MISS 674240 0.8 226 2360 1537
21:20:44 0.01 MISS 674240 0.8 226 2364 1577
21:20:49 0.01 MISS 674240 0.8 226 2368 1533
21:20:54 0.01 MISS 674240 0.8 226 2372 1540
21:20:59 0.01 MISS 674240 0.8 226 2376 1609
21:21:04 0.01 MISS 674240 0.8 227 2380 1521
21:21:09 0.01 MISS 674640 0.8 227 2384 1549
21:21:14 0.01 MISS 674640 0.8 227 2388 1548
21:21:19 0.01 MISS 674640 0.8 227 2392 1533
21:21:24 0.01 MISS 674640 0.8 227 2396 1592
21:21:29 0.01 MISS 674640 0.8 227 2400 1590
21:21:34 0.01 MISS 674640 0.9 227 2404 1563
21:21:39 0.01 MISS 674640 0.9 227 2408 1607
21:21:44 0.01 MISS 674640 0.9 227 2412 1534
21:21:49 0.01 MISS 674640 0.9 227 2416 1568
21:21:55 0.01 MISS 674640 0.9 227 2420 1536
21:22:00 0.01 MISS 674640 0.9 227 2424 1575
21:22:05 0.01 MISS 674640 0.9 227 2428 1598
21:22:10 0.01 MISS 674640 0.9 227 2432 1524
21:22:15 0.01 MISS 674640 0.9 227 2436 1570
21:22:20 0.01 MISS 674640 0.9 227 2440 1547
21:22:25 0.01 MISS 674640 0.9 227 2444 1536
21:22:30 0.01 MISS 675040 0.9 227 2448 1597
21:22:35 0.01 MISS 675040 0.9 227 2452 1524
21:22:40 0.01 MISS 675040 0.9 227 2456 1593
21:22:45 0.01 MISS 675040 0.9 227 2460 1565
21:22:50 0.01 MISS 675040 0.9 227 2464 1540
21:22:55 0.01 MISS 675040 0.9 227 2468 1530
21:23:00 0.01 MISS 675040 0.9 227 2472 1521
21:23:05 0.01 MISS 675040 0.9 227 2476 1530
21:23:10 0.01 MISS 675040 0.9 227 2480 1595
21:23:15 0.01 MISS 675040 0.9 227 2484 1523
21:23:20 0.01 MISS 675040 0.9 227 2488 1547
21:23:26 0.01 MISS 675040 0.9 227 2492 1560
21:23:31 0.01 MISS 675040 0.9 227 2496 1536
21:23:36 0.01 MISS 675040 0.9 227 2500 1593
21:23:41 0.01 MISS 675040 0.9 227 2504 1554
21:23:46 0.01 MISS 675040 0.9 227 2508 1529
21:23:51 0.01 MISS 675440 0.9 227 2512 1561
21:23:56 0.01 MISS 675440 0.9 227 2516 1532
21:24:01 0.01 MISS 675440 0.9 227 2520 1604
21:24:06 0.01 MISS 675440 0.9 227 2524 1545
21:24:11 0.01 MISS 675440 0.9 227 2528 1536
21:24:16 0.01 MISS 675440 0.9 227 2532 1554
21:24:21 0.01 MISS 675440 0.9 227 2536 1519
21:24:26 0.01 MISS 675440 0.9 227 2540 1515
21:24:31 0.01 MISS 675440 0.9 227 2544 1594
21:24:36 0.01 MISS 675440 0.9 227 2548 1530
21:24:41 0.01 MISS 675440 0.9 227 2552 1549
21:24:46 0.01 MISS 675440 0.9 227 2556 1562
21:24:51 0.01 MISS 675440 0.9 227 2560 1517
21:24:56 0.01 MISS 675440 0.9 227 2564 1559
21:25:01 0.01 MISS 675440 0.9 227 2568 1517
21:25:07 0.01 MISS 675440 0.9 227 2572 1550
21:25:12 0.01 MISS 675840 0.9 227 2576 1573
21:25:17 0.01 MISS 675840 0.9 227 2580 1556
21:25:22 0.01 MISS 675840 0.9 227 2584 1591
21:25:27 0.01 MISS 675840 0.9 227 2588 1531
21:25:32 0.01 MISS 675840 0.9 227 2592 1538
21:25:37 0.01 MISS 675840 0.9 227 2596 1545
21:25:42 0.01 MISS 675840 0.9 227 2600 1520
21:25:47 0.01 MISS 675840 0.9 227 2604 1536
21:25:52 0.01 MISS 675840 0.9 227 2608 1550
21:25:57 0.01 MISS 675840 0.9 227 2612 1524
21:26:02 0.01 MISS 675840 0.9 227 2616 1547
21:26:07 0.01 MISS 675840 0.9 227 2620 1553
21:26:12 0.01 MISS 675840 0.9 227 2624 1541
21:26:17 0.01 MISS 675840 0.9 227 2628 1557
21:26:22 0.01 MISS 675840 0.9 227 2632 1517
21:26:27 0.01 MISS 675840 0.9 227 2636 1557
21:26:32 0.01 MISS 676240 0.9 227 2640 1562
21:26:37 0.01 MISS 676240 0.9 227 2644 1547
21:26:43 0.01 MISS 676240 0.9 227 2648 1562
21:26:48 0.01 MISS 676240 0.9 227 2652 1553
21:26:53 0.01 MISS 676240 0.9 227 2656 1525
21:26:58 0.01 MISS 676240 0.9 227 2660 1556
21:27:03 0.01 MISS 676240 0.9 227 2664 1498
21:27:08 0.01 MISS 676240 0.9 227 2668 1568
21:27:13 0.01 MISS 676240 0.9 227 2672 1580
21:27:18 0.01 MISS 676240 0.9 227 2676 1606
21:27:23 0.01 MISS 676240 0.9 227 2680 1559
21:27:28 0.01 MISS 676240 0.9 227 2684 1543
21:27:33 0.01 MISS 676240 0.9 227 2688 1591
21:27:38 0.01 MISS 676240 0.9 227 2692 1581
21:27:43 0.01 MISS 676240 0.9 227 2696 1558
21:27:48 0.01 MISS 676240 0.9 227 2700 1580
21:27:53 0.01 MISS 676640 0.9 227 2704 1545
21:27:58 0.01 MISS 676640 0.9 227 2708 1568
21:28:04 0.01 MISS 676640 0.9 227 2712 1578
21:28:09 0.01 MISS 676640 0.9 227 2716 1543
21:28:14 0.01 MISS 676640 0.9 227 2720 1570
21:28:19 0.01 MISS 676640 0.9 227 2724 1551
21:28:24 0.01 MISS 676640 0.9 227 2728 1533
21:28:29 0.01 MISS 676640 0.9 227 2732 1577
21:28:34 0.01 MISS 676640 0.9 227 2736 1523
21:28:39 0.01 MISS 676640 0.9 227 2740 1578
21:28:44 0.01 MISS 676640 0.9 227 2744 1529
21:28:49 0.01 MISS 676640 0.9 227 2748 1526
21:28:54 0.01 MISS 676640 0.9 227 2752 1542
21:28:59 0.01 MISS 676640 0.9 227 2756 1532
21:29:04 0.01 MISS 676640 0.9 227 2760 1509
21:29:09 0.01 MISS 676640 0.9 227 2764 1579
21:29:14 0.01 MISS 677040 0.9 227 2768 1565
21:29:19 0.01 MISS 677040 0.9 227 2772 1501
21:29:24 0.01 MISS 677040 0.9 227 2776 1592
21:29:29 0.01 MISS 677040 0.9 227 2780 1551
21:29:34 0.01 MISS 677040 1.0 227 2784 1563
21:29:40 0.01 MISS 677040 1.0 227 2788 1568
21:29:45 0.01 MISS 677040 1.0 227 2792 1519
21:29:50 0.01 MISS 677040 1.0 227 2796 1572
21:29:55 0.01 MISS 677040 1.0 227 2800 1538
21:30:00 0.01 MISS 677040 1.0 227 2804 1536
21:30:05 0.01 MISS 677040 1.0 227 2808 1588
21:30:10 0.01 MISS 677040 1.0 227 2812 1557
21:30:15 0.01 MISS 677040 1.0 227 2816 1606
21:30:20 0.01 MISS 677040 1.0 227 2820 1559
21:30:25 0.01 MISS 677040 1.0 227 2824 1504
21:30:30 0.01 MISS 677040 1.0 227 2828 1624
21:30:35 0.01 MISS 677440 1.0 227 2832 1540
21:30:40 0.01 MISS 677440 1.0 227 2836 1531
21:30:45 0.01 MISS 677440 1.0 227 2840 1511
21:30:50 0.01 MISS 677440 1.0 228 2844 1552
21:30:55 0.01 MISS 677440 1.0 228 2848 1586
21:31:00 0.01 MISS 677440 1.0 228 2852 1525
21:31:05 0.01 MISS 677440 1.0 228 2856 1513
21:31:11 0.01 MISS 677440 1.0 228 2860 1599
21:31:16 0.01 MISS 677440 1.0 228 2864 1548
21:31:21 0.01 MISS 677440 1.0 228 2868 1570
21:31:26 0.01 MISS 677440 1.0 228 2872 1539
21:31:31 0.01 MISS 677440 1.0 228 2876 1554
21:31:36 0.01 MISS 677440 1.0 228 2880 1564
21:31:41 0.01 MISS 677440 1.0 228 2884 1506
21:31:46 0.01 MISS 677440 1.0 228 2888 1573
21:31:51 0.01 MISS 677440 1.0 228 2892 1555
21:31:56 0.01 MISS 677840 1.0 228 2896 1544
21:32:01 0.01 MISS 677840 1.0 228 2900 1587
21:32:06 0.01 MISS 677840 1.0 228 2904 1529
21:32:11 0.01 MISS 677840 1.0 228 2908 1545
21:32:16 0.01 MISS 677840 1.0 228 2912 1574
21:32:21 0.01 MISS 677840 1.0 228 2916 1557
21:32:26 0.01 MISS 677840 1.0 228 2920 1544
21:32:31 0.01 MISS 677840 1.0 228 2924 1586
21:32:36 0.01 MISS 677840 1.0 228 2928 1529
21:32:42 0.01 MISS 677840 1.0 228 2932 1641
21:32:47 0.01 MISS 677840 1.0 228 2936 1532
21:32:52 0.01 MISS 677840 1.0 228 2940 1578
21:32:57 0.01 MISS 677840 1.0 228 2944 1533
21:33:02 0.01 MISS 677840 1.0 228 2948 1557
21:33:07 0.01 MISS 677840 1.0 228 2952 1575
21:33:12 0.01 MISS 677840 1.0 228 2956 1524
21:33:17 0.01 MISS 678240 1.0 228 2960 1529
21:33:22 0.01 MISS 678240 1.0 228 2964 1573
21:33:27 0.01 MISS 678240 1.0 228 2968 1532
21:33:32 0.01 MISS 678240 1.0 228 2972 1562
21:33:37 0.01 MISS 678240 1.0 228 2976 1529
21:33:42 0.01 MISS 678240 1.0 228 2980 1537
21:33:47 0.01 MISS 678240 1.0 228 2984 1587
21:33:52 0.01 MISS 678240 1.0 228 2988 1555
21:33:57 0.01 MISS 678240 1.0 228 2992 1562
21:34:03 0.01 MISS 678240 1.0 228 2996 1573
21:34:08 0.01 MISS 678240 1.0 228 3000 1568
21:34:13 0.01 MISS 678240 1.0 228 3004 1575
21:34:18 0.01 MISS 678240 1.0 228 3008 1525
21:34:23 0.01 MISS 678240 1.0 228 3012 1570
21:34:28 0.01 MISS 678240 1.0 228 3016 1613
21:34:33 0.01 MISS 678240 1.0 228 3020 1540
21:34:38 0.01 MISS 678640 1.0 228 3024 1589
21:34:43 0.01 MISS 678640 1.0 228 3028 1546
21:34:48 0.01 MISS 678640 1.0 228 3032 1574
21:34:53 0.01 MISS 678640 1.0 228 3036 1578
21:34:58 0.01 MISS 678640 1.0 228 3040 1537
21:35:03 0.01 MISS 678640 1.0 228 3044 1557
21:35:08 0.01 MISS 678640 1.0 228 3048 1573
21:35:13 0.01 MISS 678640 1.0 228 3052 1529
21:35:19 0.01 MISS 678640 1.0 228 3056 1575
21:35:24 0.01 MISS 678640 1.0 228 3060 1561
21:35:29 0.01 MISS 678640 1.0 228 3064 1574
21:35:34 0.01 MISS 678640 1.0 228 3068 1574
21:35:39 0.01 MISS 678640 1.0 228 3072 1531
21:35:44 0.01 MISS 678640 1.0 228 3076 1588
21:35:49 0.01 MISS 678640 1.0 228 3080 1541
21:35:54 0.01 MISS 678640 1.0 228 3084 1545
21:35:59 0.01 MISS 679040 1.0 228 3088 1583
21:36:04 0.01 MISS 679040 1.0 228 3092 1513
21:36:09 0.01 MISS 679040 1.0 228 3096 1543
21:36:14 0.01 MISS 679040 1.0 228 3100 1518
21:36:19 0.01 MISS 679040 1.0 228 3104 1519
21:36:24 0.01 MISS 679040 1.0 228 3108 1573
21:36:29 0.01 MISS 679040 1.0 228 3112 1535
21:36:34 0.01 MISS 679040 1.0 228 3116 1594
21:36:39 0.01 MISS 679040 1.0 228 3120 1569
21:36:44 0.01 MISS 679040 1.0 228 3124 1509
21:36:49 0.01 MISS 679040 1.0 228 3128 1557
21:36:55 0.01 MISS 679040 1.0 228 3132 1551
21:37:00 0.01 MISS 679040 1.0 228 3136 1545
21:37:05 0.01 MISS 679040 1.0 228 3140 1588
21:37:10 0.01 MISS 679040 1.0 228 3144 1523
21:37:15 0.01 MISS 679040 1.0 228 3148 1582
21:37:20 0.01 MISS 679440 1.0 228 3152 1533
21:37:25 0.01 MISS 679440 1.0 228 3156 1545
21:37:30 0.01 MISS 679440 1.0 228 3160 1599
21:37:35 0.01 MISS 679440 1.1 228 3164 1536
21:37:40 0.01 MISS 679440 1.1 228 3168 1543
21:37:45 0.01 MISS 679440 1.1 228 3172 1548
21:37:50 0.01 MISS 679440 1.1 228 3176 1516
21:37:55 0.01 MISS 679440 1.1 228 3180 1581
21:38:00 0.01 MISS 679440 1.1 228 3184 1548
21:38:05 0.01 MISS 679440 1.1 228 3188 1536
21:38:10 0.01 MISS 679440 1.1 228 3192 1573
21:38:15 0.01 MISS 679440 1.1 228 3196 1538
21:38:20 0.01 MISS 679440 1.1 228 3200 1573
21:38:26 0.01 MISS 679440 1.1 228 3204 1559
21:38:31 0.01 MISS 679440 1.1 228 3208 1523
21:38:36 0.01 MISS 679440 1.1 228 3212 1586
21:38:41 0.01 MISS 679440 1.1 228 3216 1527
21:38:46 0.01 MISS 679440 1.1 228 3220 1546
21:38:51 0.01 MISS 679440 1.1 228 3224 1579
21:38:56 0.01 MISS 679440 1.1 228 3228 1549
21:39:01 0.01 MISS 679440 1.1 228 3232 1560
21:39:06 0.01 MISS 679440 1.1 228 3236 1567
21:39:11 0.01 MISS 679440 1.1 228 3240 1587
21:39:16 0.01 MISS 679440 1.1 228 3244 1592
21:39:21 0.01 MISS 679440 1.1 228 3248 1516
21:39:26 0.01 MISS 679440 1.1 228 3252 1553
21:39:31 0.01 MISS 679440 1.1 228 3256 1562
21:39:36 0.01 MISS 679440 1.1 228 3260 1575
21:39:41 0.01 MISS 679440 1.1 228 3264 1545
21:39:46 0.01 MISS 679440 1.1 228 3268 1517
21:39:52 0.01 MISS 679440 1.1 228 3272 1537
21:39:57 0.01 MISS 679440 1.1 228 3276 1579
21:40:02 0.01 MISS 680240 1.1 228 3280 1533
21:40:07 0.01 MISS 680240 1.1 228 3284 1530
21:40:12 0.01 MISS 680240 1.1 228 3288 1586
21:40:17 0.01 MISS 680240 1.1 228 3292 1524
21:40:22 0.01 MISS 680240 1.1 228 3296 1608
21:40:27 0.01 MISS 680240 1.1 228 3300 1551
21:40:32 0.01 MISS 680240 1.1 228 3304 1544
21:40:37 0.01 MISS 680240 1.1 229 3308 1566
21:40:42 0.01 MISS 680240 1.1 229 3312 1508
21:40:47 0.01 MISS 680240 1.1 229 3316 1562
21:40:52 0.01 MISS 680240 1.1 229 3320 1577
21:40:57 0.01 MISS 680240 1.1 229 3324 1520
21:41:02 0.01 MISS 680240 1.1 229 3328 1568
21:41:07 0.01 MISS 680240 1.1 229 3332 1548
21:41:12 0.01 MISS 680240 1.1 229 3336 1549
21:41:17 0.01 MISS 680240 1.1 229 3340 1568
21:41:23 0.01 MISS 680640 1.1 229 3344 1519
21:41:28 0.01 MISS 680640 1.1 229 3348 1530
21:41:33 0.01 MISS 680640 1.1 229 3352 1584
21:41:38 0.01 MISS 680640 1.1 229 3356 1538
21:41:43 0.01 MISS 680640 1.1 229 3360 1525
21:41:48 0.01 MISS 680640 1.1 229 3364 1550
21:41:53 0.01 MISS 680640 1.1 229 3368 1532
21:41:58 0.01 MISS 680640 1.1 229 3372 1578
21:42:03 0.01 MISS 680640 1.1 229 3376 1546
21:42:08 0.01 MISS 680640 1.1 229 3380 1515
21:42:13 0.01 MISS 680640 1.1 229 3384 1562
21:42:18 0.01 MISS 680640 1.1 229 3388 1530
21:42:23 0.01 MISS 680640 1.1 229 3392 1577
21:42:28 0.01 MISS 680640 1.1 229 3396 1562
21:42:33 0.01 MISS 680640 1.1 229 3400 1536
21:42:38 0.01 MISS 680640 1.1 229 3404 1593
21:42:43 0.01 MISS 681040 1.1 229 3408 1550
21:42:48 0.01 MISS 681040 1.1 229 3412 1552
21:42:54 0.01 MISS 681040 1.1 229 3416 1607
21:42:59 0.01 MISS 681040 1.1 229 3420 1566
21:43:04 0.01 MISS 681040 1.1 229 3424 1557
21:43:09 0.01 MISS 681040 1.1 229 3428 1543
21:43:14 0.01 MISS 681040 1.1 229 3432 1574
21:43:19 0.01 MISS 681040 1.1 229 3436 1581
21:43:24 0.01 MISS 681040 1.1 229 3440 1541
21:43:29 0.01 MISS 681040 1.1 229 3444 1583
21:43:34 0.01 MISS 681040 1.1 229 3448 1535
21:43:39 0.01 MISS 681040 1.1 229 3452 1554
21:43:44 0.01 MISS 681040 1.1 229 3456 1597
21:43:49 0.01 MISS 681040 1.1 229 3460 1526
21:43:54 0.01 MISS 681040 1.1 229 3464 1555
21:43:59 0.01 MISS 681040 1.1 229 3468 1573
21:44:04 0.01 MISS 681440 1.1 229 3472 1537
21:44:09 0.01 MISS 681440 1.1 229 3476 1550
21:44:14 0.01 MISS 681440 1.1 229 3480 1544
21:44:20 0.01 MISS 681440 1.1 229 3484 1553
21:44:25 0.01 MISS 681440 1.1 229 3488 1616
21:44:30 0.01 MISS 681440 1.1 229 3492 1532
21:44:35 0.01 MISS 681440 1.1 229 3496 1584
21:44:40 0.01 MISS 681440 1.1 229 3500 1550
21:44:45 0.01 MISS 681440 1.1 229 3504 1553
21:44:50 0.01 MISS 681440 1.1 229 3508 1587
21:44:55 0.01 MISS 681440 1.1 229 3512 1536
21:45:00 0.01 MISS 681440 1.1 229 3516 1541
21:45:05 0.01 MISS 681440 1.1 229 3520 1575
21:45:10 0.01 MISS 681440 1.1 229 3524 1583
21:45:15 0.01 MISS 681440 1.1 229 3528 1599
21:45:20 0.01 MISS 681440 1.1 229 3532 1533
21:45:25 0.01 MISS 681840 1.1 229 3536 1561
21:45:31 0.01 MISS 681840 1.1 229 3540 1606
21:45:36 0.01 MISS 681840 1.2 229 3544 1565
21:45:41 0.01 MISS 681840 1.2 229 3548 1572
21:45:46 0.01 MISS 681840 1.2 229 3552 1556
21:45:51 0.01 MISS 681840 1.2 229 3556 1562
21:45:56 0.01 MISS 681840 1.2 229 3560 1580
21:46:01 0.01 MISS 681840 1.2 229 3564 1524
21:46:06 0.01 MISS 681840 1.2 229 3568 1572
21:46:11 0.01 MISS 681840 1.2 229 3572 1578
21:46:16 0.01 MISS 681840 1.2 229 3576 1533
21:46:21 0.01 MISS 681840 1.2 229 3580 1611
21:46:26 0.01 MISS 681840 1.2 229 3584 1536
21:46:31 0.01 MISS 681840 1.2 229 3588 1563
21:46:36 0.01 MISS 681840 1.2 229 3592 1568
21:46:41 0.01 MISS 681840 1.2 229 3596 1551
21:46:47 0.01 MISS 682240 1.2 229 3600 1583
21:46:52 0.01 MISS 682240 1.2 229 3604 1526
21:46:57 0.01 MISS 682240 1.2 229 3608 1541
21:47:02 0.01 MISS 682240 1.2 229 3612 1577
21:47:07 0.01 MISS 682240 1.2 229 3616 1552
21:47:12 0.01 MISS 682240 1.2 229 3620 1613
21:47:17 0.01 MISS 682240 1.2 229 3624 1509
21:47:22 0.01 MISS 682240 1.2 229 3628 1537
21:47:27 0.01 MISS 682240 1.2 229 3632 1567
21:47:32 0.01 MISS 682240 1.2 229 3636 1558
21:47:37 0.01 MISS 682240 1.2 229 3640 1558
21:47:42 0.01 MISS 682240 1.2 229 3644 1556
21:47:47 0.01 MISS 682240 1.2 229 3648 1553
21:47:52 0.01 MISS 682240 1.2 229 3652 1521
21:47:57 0.01 MISS 682240 1.2 229 3656 1542
21:48:02 0.01 MISS 682240 1.2 229 3660 1523
21:48:07 0.01 MISS 682640 1.2 229 3664 1594
21:48:12 0.01 MISS 682640 1.2 229 3668 1520
21:48:17 0.01 MISS 682640 1.2 229 3672 1550
21:48:23 0.01 MISS 682640 1.2 229 3676 1576
21:48:28 0.01 MISS 682640 1.2 229 3680 1535
21:48:33 0.01 MISS 682640 1.2 229 3684 1575
21:48:38 0.01 MISS 682640 1.2 229 3688 1564
21:48:43 0.01 MISS 682640 1.2 229 3692 1512
21:48:48 0.01 MISS 682640 1.2 229 3696 1586
21:48:53 0.01 MISS 682640 1.2 229 3700 1548
21:48:58 0.01 MISS 682640 1.2 229 3704 1557
21:49:03 0.01 MISS 682640 1.2 229 3708 1545
21:49:08 0.01 MISS 682640 1.2 229 3712 1534
21:49:13 0.01 MISS 682640 1.2 229 3716 1565
21:49:18 0.01 MISS 682640 1.2 229 3720 1536
21:49:23 0.01 MISS 682640 1.2 229 3724 1509
21:49:28 0.01 MISS 683040 1.2 229 3728 1550
21:49:33 0.01 MISS 683040 1.2 229 3732 1576
21:49:38 0.01 MISS 683040 1.2 229 3736 1586
21:49:43 0.01 MISS 683040 1.2 229 3740 1587
21:49:49 0.01 MISS 683040 1.2 229 3744 1542
21:49:54 0.01 MISS 683040 1.2 229 3748 1590
21:49:59 0.01 MISS 683040 1.2 229 3752 1555
21:50:04 0.01 MISS 683040 1.2 229 3756 1556
21:50:09 0.01 MISS 683040 1.2 229 3760 1602
21:50:14 0.01 MISS 683040 1.2 229 3764 1528
21:50:19 0.01 MISS 683040 1.2 229 3768 1608
21:50:24 0.01 MISS 683040 1.2 230 3772 1563
21:50:29 0.01 MISS 683040 1.2 230 3776 1554
21:50:34 0.01 MISS 683040 1.2 230 3780 1552
21:50:39 0.01 MISS 683040 1.2 230 3784 1570
21:50:44 0.01 MISS 683040 1.2 230 3788 1603
21:50:49 0.01 MISS 683440 1.2 230 3792 1551
21:50:54 0.01 MISS 683440 1.2 230 3796 1572
21:51:00 0.01 MISS 683440 1.2 230 3800 1631
21:51:05 0.01 MISS 683440 1.2 230 3804 1576
21:51:10 0.01 MISS 683440 1.2 230 3808 1580
21:51:15 0.01 MISS 683440 1.2 230 3812 1533
21:51:20 0.01 MISS 683440 1.2 230 3816 1538
21:51:25 0.01 MISS 683440 1.2 230 3820 1582
21:51:30 0.01 MISS 683440 1.2 230 3824 1556
21:51:35 0.01 MISS 683440 1.2 230 3828 1594
21:51:40 0.01 MISS 683440 1.2 230 3832 1500
21:51:45 0.01 MISS 683440 1.2 230 3836 1525
21:51:50 0.01 MISS 683440 1.2 230 3840 1560
21:51:55 0.01 MISS 683440 1.2 230 3844 1534
21:52:00 0.01 MISS 683440 1.2 230 3848 1550
21:52:05 0.01 MISS 683440 1.2 230 3852 1553
21:52:10 0.01 MISS 683840 1.2 230 3856 1538
21:52:15 0.01 MISS 683840 1.2 230 3860 1558
21:52:20 0.01 MISS 683840 1.2 230 3864 1557
21:52:26 0.01 MISS 683840 1.2 230 3868 1565
21:52:31 0.01 MISS 683840 1.2 230 3872 1563
21:52:36 0.01 MISS 683840 1.2 230 3876 1548
21:52:41 0.01 MISS 683840 1.2 230 3880 1541
21:52:46 0.01 MISS 683840 1.2 230 3884 1616
21:52:51 0.01 MISS 683840 1.2 230 3888 1562
21:52:56 0.01 MISS 683840 1.2 230 3892 1568
21:53:01 0.01 MISS 683840 1.2 230 3896 1538
21:53:06 0.01 MISS 683840 1.2 230 3900 1565
21:53:11 0.01 MISS 683840 1.2 230 3904 1564
21:53:16 0.01 MISS 683840 1.2 230 3908 1552
21:53:21 0.01 MISS 683840 1.2 230 3912 1571
21:53:26 0.01 MISS 683840 1.2 230 3916 1592
21:53:31 0.01 MISS 684240 1.2 230 3920 1512
21:53:37 0.01 MISS 684240 1.3 230 3924 1618
21:53:42 0.01 MISS 684240 1.3 230 3928 1556
21:53:47 0.01 MISS 684240 1.3 230 3932 1540
21:53:52 0.01 MISS 684240 1.3 230 3936 1560
21:53:57 0.01 MISS 684240 1.3 230 3940 1596
21:54:02 0.01 MISS 684240 1.3 230 3944 1605
21:54:07 0.01 MISS 684240 1.3 230 3948 1559
21:54:12 0.01 MISS 684240 1.3 230 3952 1561
21:54:17 0.01 MISS 684240 1.3 230 3956 1571
21:54:22 0.01 MISS 684240 1.3 230 3960 1568
21:54:27 0.01 MISS 684240 1.3 230 3964 1562
21:54:32 0.01 MISS 684240 1.3 230 3968 1548
21:54:37 0.01 MISS 684240 1.3 230 3972 1564
21:54:42 0.01 MISS 684240 1.3 230 3976 1591
21:54:47 0.01 MISS 684240 1.3 230 3980 1529
21:54:53 0.01 MISS 684640 1.3 230 3984 1560
21:54:58 0.01 MISS 684640 1.3 230 3988 1547
21:55:03 0.01 MISS 684640 1.3 230 3992 1546
21:55:08 0.01 MISS 684640 1.3 230 3996 1591
21:55:13 0.01 MISS 684640 1.3 230 4000 1528
21:55:18 0.01 MISS 684640 1.3 230 4004 1576
21:55:23 0.01 MISS 684640 1.3 230 4008 1530
21:55:28 0.01 MISS 684640 1.3 230 4012 1543
21:55:33 0.01 MISS 684640 1.3 230 4016 1555
21:55:38 0.01 MISS 684640 1.3 230 4020 1590
21:55:43 0.01 MISS 684640 1.3 230 4024 1571
21:55:48 0.01 MISS 684640 1.3 230 4028 1545
21:55:53 0.01 MISS 684640 1.3 230 4032 1536
21:55:58 0.01 MISS 684640 1.3 230 4036 1609
21:56:03 0.01 MISS 684640 1.3 230 4040 1537
21:56:08 0.01 MISS 684640 1.3 230 4044 1565
21:56:14 0.01 MISS 685040 1.3 230 4048 1579
21:56:19 0.01 MISS 685040 1.3 230 4052 1527
21:56:24 0.01 MISS 685040 1.3 230 4056 1566
21:56:29 0.01 MISS 685040 1.3 230 4060 1549
21:56:34 0.01 MISS 685040 1.3 230 4064 1553
21:56:39 0.01 MISS 685040 1.3 230 4068 1601
21:56:44 0.01 MISS 685040 1.3 230 4072 1536
21:56:49 0.01 MISS 685040 1.3 230 4076 1599
21:56:54 0.01 MISS 685040 1.3 230 4080 1511
21:56:59 0.01 MISS 685040 1.3 230 4084 1561
21:57:04 0.01 MISS 685040 1.3 230 4088 1564
21:57:09 0.01 MISS 685040 1.3 230 4092 1551
21:57:14 0.01 MISS 685040 1.3 230 4096 1545
21:57:19 0.01 MISS 685040 1.3 230 4100 1597
21:57:24 0.01 MISS 685040 1.3 230 4104 1576
21:57:29 0.01 MISS 685040 1.3 230 4108 1588
21:57:35 0.01 MISS 685440 1.3 230 4112 1558
21:57:40 0.01 MISS 685440 1.3 230 4116 1542
21:57:45 0.01 MISS 685440 1.3 230 4120 1590
21:57:50 0.01 MISS 685440 1.3 230 4124 1511
21:57:55 0.01 MISS 685440 1.3 230 4128 1537
21:58:00 0.01 MISS 685440 1.3 230 4132 1574
21:58:05 0.01 MISS 685440 1.3 230 4136 1533
21:58:10 0.01 MISS 685440 1.3 230 4140 1558
21:58:15 0.01 MISS 685440 1.3 230 4144 1535
21:58:20 0.01 MISS 685440 1.3 230 4148 1563
21:58:25 0.01 MISS 685440 1.3 230 4152 1553
21:58:30 0.01 MISS 685440 1.3 230 4156 1529
21:58:35 0.01 MISS 685440 1.3 230 4160 1532
21:58:40 0.01 MISS 685440 1.3 230 4164 1557
21:58:45 0.01 MISS 685440 1.3 230 4168 1554
21:58:50 0.01 MISS 685440 1.3 230 4172 1576
21:58:55 0.01 MISS 685840 1.3 230 4176 1576
21:59:01 0.01 MISS 685840 1.3 230 4180 1594
21:59:06 0.01 MISS 685840 1.3 230 4184 1550
21:59:11 0.01 MISS 685840 1.3 230 4188 1568
21:59:16 0.01 MISS 685840 1.3 230 4192 1582
21:59:21 0.01 MISS 685840 1.3 230 4196 1549
21:59:26 0.01 MISS 685840 1.3 230 4200 1560
21:59:31 0.01 MISS 685840 1.3 230 4204 1573
21:59:36 0.01 MISS 685840 1.3 230 4208 1530
21:59:41 0.01 MISS 685840 1.3 230 4212 1565
21:59:46 0.01 MISS 685840 1.3 230 4216 1564
21:59:51 0.01 MISS 685840 1.3 230 4220 1546
21:59:56 0.01 MISS 685840 1.3 230 4224 1605
22:00:01 0.01 MISS 685840 1.3 230 4228 1538
22:00:06 0.01 MISS 685840 1.3 230 4232 1593
22:00:11 0.01 MISS 685840 1.3 231 4236 1562
22:00:17 0.01 MISS 686240 1.3 231 4240 1575
22:00:22 0.01 MISS 686240 1.3 231 4244 1573
22:00:27 0.01 MISS 686240 1.3 231 4248 1553
22:00:32 0.01 MISS 686240 1.3 231 4252 1573
22:00:37 0.01 MISS 686240 1.3 231 4256 1557
22:00:42 0.01 MISS 686240 1.3 231 4260 1599
22:00:47 0.01 MISS 686240 1.3 231 4264 1608
22:00:52 0.01 MISS 686240 1.3 231 4268 1539
22:00:57 0.01 MISS 686240 1.3 231 4272 1598
22:01:02 0.01 MISS 686240 1.3 231 4276 1551
22:01:07 0.01 MISS 686240 1.3 231 4280 1545
22:01:12 0.01 MISS 686240 1.3 231 4284 1574
22:01:17 0.01 MISS 686240 1.3 231 4288 1561
22:01:22 0.01 MISS 686240 1.3 231 4292 1576
22:01:27 0.01 MISS 686240 1.3 231 4296 1548
22:01:33 0.01 MISS 686240 1.3 231 4300 1520
22:01:38 0.01 MISS 686640 1.3 231 4304 1599
22:01:43 0.01 MISS 686640 1.4 231 4308 1531
22:01:48 0.01 MISS 686640 1.4 231 4312 1578
22:01:53 0.01 MISS 686640 1.4 231 4316 1565
22:01:58 0.01 MISS 686640 1.4 231 4320 1517
22:02:03 0.01 MISS 686640 1.4 231 4324 1557
22:02:08 0.01 MISS 686640 1.4 231 4328 1560
22:02:13 0.01 MISS 686640 1.4 231 4332 1538
22:02:18 0.01 MISS 686640 1.4 231 4336 1605
22:02:23 0.01 MISS 686640 1.4 231 4340 1544
22:02:28 0.01 MISS 686640 1.4 231 4344 1535
22:02:33 0.01 MISS 686640 1.4 231 4348 1560
22:02:38 0.01 MISS 686640 1.4 231 4352 1557
22:02:43 0.01 MISS 686640 1.4 231 4356 1612
22:02:48 0.01 MISS 686640 1.4 231 4360 1546
22:02:54 0.01 MISS 686640 1.4 231 4364 1547
22:02:59 0.01 MISS 687040 1.4 231 4368 1582
22:03:04 0.01 MISS 687040 1.4 231 4372 1592
22:03:09 0.01 MISS 687040 1.4 231 4376 1580
22:03:14 0.01 MISS 687040 1.4 231 4380 1567
22:03:19 0.01 MISS 687040 1.4 231 4384 1561
22:03:24 0.01 MISS 687040 1.4 231 4388 1611
22:03:29 0.01 MISS 687040 1.4 231 4392 1543
22:03:34 0.01 MISS 687040 1.4 231 4396 1589
22:03:39 0.01 MISS 687040 1.4 231 4400 1553
22:03:44 0.01 MISS 687040 1.4 231 4404 1573
22:03:49 0.01 MISS 687040 1.4 231 4408 1582
22:03:54 0.01 MISS 687040 1.4 231 4412 1546
22:03:59 0.01 MISS 687040 1.4 231 4416 1550
22:04:05 0.01 MISS 687040 1.4 231 4420 1545
22:04:10 0.01 MISS 687040 1.4 231 4424 1551
22:04:15 0.01 MISS 687040 1.4 231 4428 1578
22:04:20 0.01 MISS 687440 1.4 231 4432 1531
22:04:25 0.01 MISS 687440 1.4 231 4436 1540
22:04:30 0.01 MISS 687440 1.4 231 4440 1568
22:04:35 0.01 MISS 687440 1.4 231 4444 1564
22:04:40 0.01 MISS 687440 1.4 231 4448 1597
22:04:45 0.01 MISS 687440 1.4 231 4452 1513
22:04:50 0.01 MISS 687440 1.4 231 4456 1558
22:04:55 0.01 MISS 687440 1.4 231 4460 1561
22:05:00 0.01 MISS 687440 1.4 231 4464 1558
22:05:05 0.01 MISS 687440 1.4 231 4468 1599
22:05:10 0.01 MISS 687440 1.4 231 4472 1530
22:05:15 0.01 MISS 687440 1.4 231 4476 1551
22:05:20 0.01 MISS 687440 1.4 231 4480 1586
22:05:26 0.01 MISS 687440 1.4 231 4484 1541
22:05:31 0.01 MISS 687440 1.4 231 4488 1557
22:05:36 0.01 MISS 687440 1.4 231 4492 1596
