Time CPU_Usage Hit_Miss Squid_Memory_Usage Request_Rate/(Min) Squid_Disk_Usage Cache_Memory_Usage Response_Time
22:24:43 0.01 HIT 687440 1.4 231 4492 1622
22:24:48 0.01 HIT 687440 1.4 231 4492 1538
22:24:54 0.01 HIT 687440 1.4 231 4492 1586
22:24:59 0.01 HIT 687440 1.4 231 4492 1564
22:25:04 0.01 HIT 687440 1.4 231 4492 1541
22:25:09 0.01 HIT 687440 1.4 231 4492 1573
22:25:14 0.01 HIT 687440 1.4 231 4492 1570
22:25:19 0.01 HIT 687440 1.4 231 4492 1525
22:25:24 0.01 HIT 687440 1.4 231 4492 1593
22:25:29 0.01 HIT 687440 1.4 231 4492 1526
22:25:34 0.01 HIT 687440 1.4 231 4492 1524
22:25:39 0.01 HIT 687440 1.4 231 4492 1550
22:25:44 0.01 HIT 687440 1.4 231 4492 1561
22:25:49 0.01 HIT 687440 1.4 231 4492 1588
22:25:54 0.01 HIT 687440 1.4 231 4492 1520
22:25:59 0.01 HIT 687440 1.4 231 4492 1532
22:26:04 0.01 HIT 687440 1.4 231 4492 1576
22:26:09 0.01 HIT 687440 1.4 231 4492 1571
22:26:14 0.01 HIT 687440 1.4 231 4492 1597
22:26:19 0.01 HIT 687440 1.4 231 4492 1527
22:26:25 0.01 HIT 687440 1.4 231 4492 1554
22:26:30 0.01 HIT 687440 1.4 231 4492 1562
22:26:35 0.01 HIT 687440 1.4 231 4492 1566
22:26:40 0.01 HIT 687440 1.4 231 4492 1592
22:26:45 0.01 HIT 687440 1.4 231 4492 1527
22:26:50 0.01 HIT 687440 1.4 231 4492 1509
22:26:55 0.01 HIT 687440 1.4 231 4492 1556
22:27:00 0.01 HIT 687440 1.4 231 4492 1530
22:27:05 0.01 HIT 687440 1.4 231 4492 1547
22:27:10 0.01 HIT 687440 1.4 231 4492 1595
22:27:15 0.01 HIT 687440 1.4 231 4492 1560
22:27:20 0.01 HIT 687440 1.4 231 4492 1568
22:27:25 0.01 HIT 687440 1.4 231 4492 1549
22:27:30 0.01 HIT 687440 1.4 231 4492 1527
22:27:35 0.01 HIT 687440 1.4 231 4492 1531
22:27:40 0.01 HIT 687440 1.4 231 4492 1508
22:27:45 0.01 HIT 687440 1.4 231 4492 1549
22:27:50 0.01 HIT 687440 1.4 231 4492 1576
22:27:55 0.01 HIT 687440 1.4 231 4492 1529
22:28:01 0.01 HIT 687440 1.4 231 4492 1584
22:28:06 0.01 HIT 687440 1.4 231 4492 1572
22:28:11 0.01 HIT 687440 1.4 231 4492 1537
22:28:16 0.01 HIT 687440 1.4 231 4492 1610
22:28:21 0.01 HIT 687440 1.4 231 4492 1568
22:28:26 0.01 HIT 687440 1.4 231 4492 1574
22:28:31 0.01 HIT 687440 1.4 231 4492 1574
22:28:36 0.01 HIT 687440 1.4 231 4492 1553
22:28:41 0.01 HIT 687440 1.4 231 4492 1548
22:28:46 0.01 HIT 687440 1.4 231 4492 1531
22:28:51 0.01 HIT 687440 1.4 231 4492 1545
22:28:56 0.01 HIT 687440 1.4 231 4492 1576
22:29:01 0.01 HIT 687440 1.4 231 4492 1586
22:29:06 0.01 HIT 687440 1.4 231 4492 1595
22:29:11 0.01 HIT 687440 1.4 231 4492 1527
22:29:17 0.01 HIT 687440 1.5 231 4492 1553
22:29:22 0.01 HIT 687440 1.5 231 4492 1595
22:29:27 0.01 HIT 687440 1.5 231 4492 1525
22:29:32 0.01 HIT 687440 1.5 231 4492 1594
22:29:37 0.01 HIT 687440 1.5 231 4492 1547
22:29:42 0.01 HIT 687440 1.5 231 4492 1513
22:29:47 0.01 HIT 687440 1.5 231 4492 1589
22:29:52 0.01 HIT 687440 1.5 231 4492 1526
22:29:57 0.01 HIT 687440 1.5 231 4492 1547
22:30:02 0.01 HIT 687440 1.5 231 4492 1615
22:30:07 0.01 HIT 687440 1.5 231 4492 1545
22:30:12 0.01 HIT 687440 1.5 231 4492 1600
22:30:17 0.01 HIT 687440 1.5 231 4492 1550
22:30:22 0.01 HIT 687440 1.5 231 4492 1590
22:30:27 0.01 HIT 687440 1.5 231 4492 1541
22:30:33 0.01 HIT 687440 1.5 231 4492 1533
22:30:38 0.01 HIT 687440 1.5 231 4492 1561
22:30:43 0.01 HIT 687440 1.5 231 4492 1578
22:30:48 0.01 HIT 687440 1.5 231 4492 1573
22:30:53 0.01 HIT 687440 1.5 231 4492 1597
22:30:58 0.01 HIT 687440 1.5 231 4492 1522
22:31:03 0.01 HIT 687440 1.5 231 4492 1577
22:31:08 0.01 HIT 687440 1.5 231 4492 1595
22:31:13 0.01 HIT 687440 1.5 231 4492 1557
22:31:18 0.01 HIT 687440 1.5 231 4492 1568
22:31:23 0.01 HIT 687440 1.5 231 4492 1498
22:31:28 0.01 HIT 687440 1.5 231 4492 1575
22:31:33 0.01 HIT 687440 1.5 231 4492 1542
22:31:38 0.01 HIT 687440 1.5 231 4492 1533
22:31:43 0.01 HIT 687440 1.5 231 4492 1603
22:31:48 0.01 HIT 687440 1.5 231 4492 1537
22:31:54 0.01 HIT 687440 1.5 231 4492 1592
22:31:59 0.01 HIT 687440 1.5 231 4492 1566
22:32:04 0.01 HIT 687440 1.5 231 4492 1540
22:32:09 0.01 HIT 687440 1.5 231 4492 1572
22:32:14 0.01 HIT 687440 1.5 231 4492 1559
22:32:19 0.01 HIT 687440 1.5 231 4492 1514
22:32:24 0.01 HIT 687440 1.5 231 4492 1589
22:32:29 0.01 HIT 687440 1.5 231 4492 1562
22:32:34 0.01 HIT 687440 1.5 231 4492 1562
22:32:39 0.01 HIT 687440 1.5 231 4492 1534
22:32:44 0.01 HIT 687440 1.5 231 4492 1586
22:32:49 0.01 HIT 687440 1.5 231 4492 1607
22:32:54 0.01 HIT 687440 1.5 231 4492 1547
22:32:59 0.01 HIT 687440 1.5 231 4492 1533
22:33:04 0.01 HIT 687440 1.5 231 4492 1565
22:33:09 0.01 HIT 687440 1.5 231 4492 1549
22:33:15 0.01 HIT 687440 1.5 231 4492 1613
22:33:20 0.01 HIT 687440 1.5 231 4492 1533
22:33:25 0.01 HIT 687440 1.5 231 4492 1579
22:33:30 0.01 HIT 687440 1.5 231 4492 1559
22:33:35 0.01 HIT 687440 1.5 231 4492 1542
22:33:40 0.01 HIT 687440 1.5 231 4492 1579
22:33:45 0.01 HIT 687440 1.5 231 4492 1542
22:33:50 0.01 HIT 687440 1.5 231 4492 1544
22:33:55 0.01 HIT 687440 1.5 231 4492 1557
22:34:00 0.01 HIT 687440 1.5 231 4492 1552
22:34:05 0.01 HIT 687440 1.5 231 4492 1594
22:34:10 0.01 HIT 687440 1.5 231 4492 1575
22:34:15 0.01 HIT 687440 1.5 231 4492 1531
22:34:20 0.01 HIT 687440 1.5 231 4492 1559
22:34:25 0.01 HIT 687440 1.5 231 4492 1520
22:34:30 0.01 HIT 687440 1.5 231 4492 1572
22:34:36 0.01 HIT 687440 1.5 231 4492 1558
22:34:41 0.01 HIT 687440 1.5 231 4492 1530
22:34:46 0.01 HIT 687440 1.5 231 4492 1605
22:34:51 0.01 HIT 687440 1.5 231 4492 1544
22:34:56 0.01 HIT 687440 1.5 231 4492 1547
22:35:01 0.01 HIT 687440 1.5 231 4492 1584
22:35:06 0.01 HIT 687440 1.5 231 4492 1573
22:35:11 0.01 HIT 687440 1.5 231 4492 1579
22:35:16 0.01 HIT 687440 1.5 231 4492 1556
22:35:21 0.01 HIT 687440 1.5 231 4492 1545
22:35:26 0.01 HIT 687440 1.5 231 4492 1560
22:35:31 0.01 HIT 687440 1.5 231 4492 1528
22:35:36 0.01 HIT 687440 1.5 231 4492 1569
22:35:41 0.01 HIT 687440 1.5 231 4492 1567
22:35:46 0.01 HIT 687440 1.5 231 4492 1551
22:35:51 0.01 HIT 687440 1.5 231 4492 1568
22:35:57 0.01 HIT 687440 1.5 231 4492 1578
22:36:02 0.01 HIT 687440 1.5 231 4492 1620
22:36:07 0.01 HIT 687440 1.5 231 4492 1583
22:36:12 0.01 HIT 687440 1.5 231 4492 1574
22:36:17 0.01 HIT 687440 1.5 231 4492 1597
22:36:22 0.01 HIT 687440 1.5 231 4492 1543
22:36:27 0.01 HIT 687440 1.5 231 4492 1574
22:36:32 0.01 HIT 687440 1.5 231 4492 1521
22:36:37 0.01 HIT 687440 1.5 231 4492 1548
22:36:42 0.01 HIT 687440 1.5 231 4492 1609
22:36:47 0.01 HIT 687440 1.5 231 4492 1554
22:36:52 0.01 HIT 687440 1.5 231 4492 1554
22:36:57 0.01 HIT 687440 1.5 231 4492 1585
22:37:03 0.01 HIT 687440 1.5 231 4492 1542
22:37:08 0.01 HIT 687440 1.5 231 4492 1579
22:37:13 0.01 HIT 687440 1.5 231 4492 1552
22:37:18 0.01 HIT 687440 1.5 231 4492 1529
22:37:23 0.01 HIT 687440 1.6 231 4492 1569
22:37:28 0.01 HIT 687440 1.6 231 4492 1557
22:37:33 0.01 HIT 687440 1.6 231 4492 1552
22:37:38 0.01 HIT 687440 1.6 231 4492 1597
22:37:43 0.01 HIT 687440 1.6 231 4492 1549
22:37:48 0.01 HIT 687440 1.6 231 4492 1608
22:37:53 0.01 HIT 687440 1.6 231 4492 1548
22:37:58 0.01 HIT 687440 1.6 231 4492 1593
22:38:03 0.01 HIT 687440 1.6 231 4492 1548
22:38:08 0.01 HIT 687440 1.6 231 4492 1532
22:38:13 0.01 HIT 687440 1.6 231 4492 1598
22:38:18 0.01 HIT 687440 1.6 231 4492 1530
22:38:24 0.01 HIT 687440 1.6 231 4492 1534
22:38:29 0.01 HIT 687440 1.6 231 4492 1594
22:38:34 0.01 HIT 687440 1.6 231 4492 1540
22:38:39 0.01 HIT 687440 1.6 231 4492 1541
22:38:44 0.01 HIT 687440 1.6 231 4492 1565
22:38:49 0.01 HIT 687440 1.6 231 4492 1585
22:38:54 0.01 HIT 687440 1.6 231 4492 1606
22:38:59 0.01 HIT 687440 1.6 231 4492 1565
22:39:04 0.01 HIT 687440 1.6 231 4492 1584
22:39:09 0.01 HIT 687440 1.6 231 4492 1563
22:39:14 0.01 HIT 687440 1.6 231 4492 1565
22:39:19 0.01 HIT 687440 1.6 231 4492 1594
22:39:24 0.01 HIT 687440 1.6 231 4492 1544
22:39:29 0.01 HIT 687440 1.6 231 4492 1577
22:39:35 0.01 HIT 687440 1.6 231 4492 1558
22:39:40 0.01 HIT 687440 1.6 231 4492 1541
22:39:45 0.01 HIT 687440 1.6 231 4492 1583
22:39:50 0.01 HIT 687440 1.6 231 4492 1548
22:39:55 0.01 HIT 687440 1.6 231 4492 1567
22:40:00 0.01 HIT 687440 1.6 231 4492 1567
22:40:05 0.01 HIT 687440 1.6 231 4492 1552
22:40:10 0.01 HIT 687440 1.6 231 4492 1546
22:40:15 0.01 HIT 687440 1.6 231 4492 1564
22:40:20 0.01 HIT 687440 1.6 231 4492 1551
22:40:25 0.01 HIT 687440 1.6 231 4492 1586
22:40:30 0.01 HIT 687440 1.6 231 4492 1543
22:40:35 0.01 HIT 687440 1.6 231 4492 1589
22:40:40 0.01 HIT 687440 1.6 231 4492 1553
22:40:45 0.01 HIT 687440 1.6 231 4492 1547
22:40:51 0.01 HIT 687440 1.6 231 4492 1567
22:40:56 0.01 HIT 687440 1.6 231 4492 1547
22:41:01 0.01 HIT 687440 1.6 231 4492 1527
22:41:06 0.01 HIT 687440 1.6 231 4492 1587
22:41:11 0.01 HIT 687440 1.6 231 4492 1560
22:41:16 0.01 HIT 687440 1.6 231 4492 1562
22:41:21 0.01 HIT 687440 1.6 231 4492 1544
22:41:26 0.01 HIT 687440 1.6 231 4492 1564
22:41:31 0.01 HIT 687440 1.6 231 4492 1565
22:41:36 0.01 HIT 687440 1.6 231 4492 1566
22:41:41 0.01 HIT 687440 1.6 231 4492 1568
22:41:46 0.01 HIT 687440 1.6 231 4492 1535
22:41:51 0.01 HIT 687440 1.6 231 4492 1521
22:41:56 0.01 HIT 687440 1.6 231 4492 1602
22:42:01 0.01 HIT 687440 1.6 231 4492 1569
22:42:06 0.01 HIT 687440 1.6 231 4492 1574
22:42:12 0.01 HIT 687440 1.6 231 4492 1568
22:42:17 0.01 HIT 687440 1.6 231 4492 1536
22:42:22 0.01 HIT 687440 1.6 231 4492 1635
22:42:27 0.01 HIT 687440 1.6 231 4492 1557
22:42:32 0.01 HIT 687440 1.6 231 4492 1562
22:42:37 0.01 HIT 687440 1.6 231 4492 1525
22:42:42 0.01 HIT 687440 1.6 231 4492 1543
22:42:47 0.01 HIT 687440 1.6 231 4492 1575
22:42:52 0.01 HIT 687440 1.6 231 4492 1529
22:42:57 0.01 HIT 687440 1.6 231 4492 1572
22:43:02 0.01 HIT 687440 1.6 231 4492 1575
22:43:07 0.01 HIT 687440 1.6 231 4492 1509
22:43:12 0.01 HIT 687440 1.6 231 4492 1533
22:43:17 0.01 HIT 687440 1.6 231 4492 1540
22:43:22 0.01 HIT 687440 1.6 231 4492 1532
22:43:27 0.01 HIT 687440 1.6 231 4492 1540
22:43:32 0.01 HIT 687440 1.6 231 4492 1545
22:43:37 0.01 HIT 687440 1.6 231 4492 1564
22:43:42 0.01 HIT 687440 1.6 231 4492 1547
22:43:48 0.01 HIT 687440 1.6 231 4492 1569
22:43:53 0.01 HIT 687440 1.6 231 4492 1604
22:43:58 0.01 HIT 687440 1.6 231 4492 1562
22:44:03 0.01 HIT 687440 1.6 231 4492 1558
22:44:08 0.01 HIT 687440 1.6 231 4492 1562
22:44:13 0.01 HIT 687440 1.6 231 4492 1563
22:44:18 0.01 HIT 687440 1.6 231 4492 1602
22:44:23 0.01 HIT 687440 1.6 231 4492 1505
22:44:28 0.01 HIT 687440 1.6 231 4492 1543
22:44:33 0.01 HIT 687440 1.6 231 4492 1587
22:44:38 0.01 HIT 687440 1.6 231 4492 1539
22:44:43 0.01 HIT 687440 1.6 231 4492 1582
22:44:48 0.01 HIT 687440 1.6 231 4492 1532
22:44:53 0.01 HIT 687440 1.6 231 4492 1548
22:44:58 0.01 HIT 687440 1.6 231 4492 1571
22:45:03 0.01 HIT 687440 1.6 231 4492 1526
22:45:09 0.01 HIT 687440 1.6 231 4492 1556
22:45:14 0.01 HIT 687440 1.6 231 4492 1573
22:45:19 0.01 HIT 687440 1.6 231 4492 1514
22:45:24 0.01 HIT 687440 1.6 231 4492 1607
22:45:29 0.01 HIT 687440 1.6 231 4492 1533
22:45:34 0.01 HIT 687440 1.7 231 4492 1541
22:45:39 0.01 HIT 687440 1.7 231 4492 1570
22:45:44 0.01 HIT 687440 1.7 231 4492 1547
22:45:49 0.01 HIT 687440 1.7 231 4492 1612
22:45:54 0.01 HIT 687440 1.7 231 4492 1535
22:45:59 0.01 HIT 687440 1.7 231 4492 1522
22:46:04 0.01 HIT 687440 1.7 231 4492 1576
22:46:09 0.01 HIT 687440 1.7 231 4492 1554
22:46:14 0.01 HIT 687440 1.7 231 4492 1597
22:46:19 0.01 HIT 687440 1.7 231 4492 1598
22:46:25 0.01 HIT 687440 1.7 231 4492 1597
22:46:30 0.01 HIT 687440 1.7 231 4492 1564
22:46:35 0.01 HIT 687440 1.7 231 4492 1531
22:46:40 0.01 HIT 687440 1.7 231 4492 1536
22:46:45 0.01 HIT 687440 1.7 231 4492 1607
22:46:50 0.01 HIT 687440 1.7 231 4492 1537
22:46:55 0.01 HIT 687440 1.7 231 4492 1574
22:47:00 0.01 HIT 687440 1.7 231 4492 1586
22:47:05 0.01 HIT 687440 1.7 231 4492 1546
22:47:10 0.01 HIT 687440 1.7 231 4492 1613
22:47:15 0.01 HIT 687440 1.7 231 4492 1529
22:47:20 0.01 HIT 687440 1.7 231 4492 1568
22:47:25 0.01 HIT 687440 1.7 231 4492 1571
22:47:30 0.01 HIT 687440 1.7 231 4492 1552
22:47:35 0.01 HIT 687440 1.7 231 4492 1579
22:47:41 0.01 HIT 687440 1.7 231 4492 1546
22:47:46 0.01 HIT 687440 1.7 231 4492 1553
22:47:51 0.01 HIT 687440 1.7 231 4492 1554
22:47:56 0.01 HIT 687440 1.7 231 4492 1539
22:48:01 0.01 HIT 687440 1.7 231 4492 1585
22:48:06 0.01 HIT 687440 1.7 231 4492 1579
22:48:11 0.01 HIT 687440 1.7 231 4492 1580
22:48:16 0.01 HIT 687440 1.7 231 4492 1547
22:48:21 0.01 HIT 687440 1.7 231 4492 1542
22:48:26 0.01 HIT 687440 1.7 231 4492 1597
22:48:31 0.01 HIT 687440 1.7 231 4492 1536
22:48:36 0.01 HIT 687440 1.7 231 4492 1556
22:48:41 0.01 HIT 687440 1.7 231 4492 1579
22:48:46 0.01 HIT 687440 1.7 231 4492 1555
22:48:52 0.01 HIT 687440 1.7 231 4492 1645
22:48:57 0.01 HIT 687440 1.7 231 4492 1569
22:49:02 0.01 HIT 687440 1.7 231 4492 1588
22:49:07 0.01 HIT 687440 1.7 231 4492 1529
22:49:12 0.01 HIT 687440 1.7 231 4492 1577
22:49:17 0.01 HIT 687440 1.7 231 4492 1572
22:49:22 0.01 HIT 687440 1.7 231 4492 1559
22:49:27 0.01 HIT 687440 1.7 231 4492 1517
22:49:32 0.01 HIT 687440 1.7 231 4492 1537
22:49:37 0.01 HIT 687440 1.7 231 4492 1541
22:49:42 0.01 HIT 687440 1.7 231 4492 1594
22:49:47 0.01 HIT 687440 1.7 231 4492 1541
22:49:52 0.01 HIT 687440 1.7 231 4492 1536
22:49:57 0.01 HIT 687440 1.7 231 4492 1584
22:50:02 0.01 HIT 687440 1.7 231 4492 1559
22:50:07 0.01 HIT 687440 1.7 231 4492 1564
22:50:13 0.01 HIT 687440 1.7 231 4492 1569
22:50:18 0.01 HIT 687440 1.7 231 4492 1593
22:50:23 0.01 HIT 687440 1.7 231 4492 1574
22:50:28 0.01 HIT 687440 1.7 231 4492 1585
22:50:33 0.01 HIT 687440 1.7 231 4492 1551
22:50:38 0.01 HIT 687440 1.7 231 4492 1536
22:50:43 0.01 HIT 687440 1.7 231 4492 1538
22:50:48 0.01 HIT 687440 1.7 231 4492 1599
22:50:53 0.01 HIT 687440 1.7 231 4492 1536
22:50:58 0.01 HIT 687440 1.7 231 4492 1571
22:51:03 0.01 HIT 687440 1.7 231 4492 1577
22:51:08 0.01 HIT 687440 1.7 231 4492 1536
22:51:13 0.01 HIT 687440 1.7 231 4492 1609
22:51:18 0.01 HIT 687440 1.7 231 4492 1562
22:51:23 0.01 HIT 687440 1.7 231 4492 1544
22:51:29 0.01 HIT 687440 1.7 231 4492 1571
22:51:34 0.01 HIT 687440 1.7 231 4492 1550
22:51:39 0.01 HIT 687440 1.7 231 4492 1592
22:51:44 0.01 HIT 687440 1.7 231 4492 1517
22:51:49 0.01 HIT 687440 1.7 231 4492 1592
22:51:54 0.01 HIT 687440 1.7 231 4492 1608
22:51:59 0.01 HIT 687440 1.7 231 4492 1584
22:52:04 0.01 HIT 687440 1.7 231 4492 1616
22:52:09 0.01 HIT 687440 1.7 231 4492 1564
22:52:14 0.01 HIT 687440 1.7 231 4492 1593
22:52:19 0.01 HIT 687440 1.7 231 4492 1592
22:52:24 0.01 HIT 687440 1.7 231 4492 1570
22:52:30 0.01 HIT 687440 1.7 231 4492 1643
22:52:35 0.01 HIT 687440 1.7 231 4492 1581
22:52:40 0.01 HIT 687440 1.7 231 4492 1543
22:52:45 0.01 HIT 687440 1.7 231 4492 1588
22:52:50 0.01 HIT 687440 1.7 231 4492 1619
22:52:55 0.01 HIT 687440 1.7 231 4492 1581
22:53:00 0.01 HIT 687440 1.7 231 4492 1560
22:53:05 0.01 HIT 687440 1.7 231 4492 1559
22:53:10 0.01 HIT 687440 1.7 231 4492 1595
22:53:15 0.01 HIT 687440 1.7 231 4492 1545
22:53:20 0.01 HIT 687440 1.7 231 4492 1590
22:53:25 0.01 HIT 687440 1.7 231 4492 1555
22:53:31 0.01 HIT 687440 1.7 231 4492 1571
22:53:36 0.01 HIT 687440 1.7 231 4492 1584
22:53:41 0.01 HIT 687440 1.7 231 4492 1566
22:53:46 0.01 HIT 687440 1.8 231 4492 1601
22:53:51 0.01 HIT 687440 1.8 231 4492 1543
22:53:56 0.01 HIT 687440 1.8 231 4492 1578
22:54:01 0.01 HIT 687440 1.8 231 4492 1578
22:54:06 0.01 HIT 687440 1.8 231 4492 1566
22:54:11 0.01 HIT 687440 1.8 231 4492 1591
22:54:16 0.01 HIT 687440 1.8 231 4492 1578
22:54:21 0.01 HIT 687440 1.8 231 4492 1593
22:54:26 0.01 HIT 687440 1.8 231 4492 1553
22:54:31 0.01 HIT 687440 1.8 231 4492 1540
22:54:37 0.01 HIT 687440 1.8 231 4492 1578
22:54:42 0.01 HIT 687440 1.8 231 4492 1558
22:54:47 0.01 HIT 687440 1.8 231 4492 1582
22:54:52 0.01 HIT 687440 1.8 231 4492 1616
22:54:57 0.01 HIT 687440 1.8 231 4492 1551
22:55:02 0.01 HIT 687440 1.8 231 4492 1577
22:55:07 0.01 HIT 687440 1.8 231 4492 1577
22:55:12 0.01 HIT 687440 1.8 231 4492 1580
22:55:17 0.01 HIT 687440 1.8 231 4492 1611
22:55:22 0.01 HIT 687440 1.8 231 4492 1570
22:55:27 0.01 HIT 687440 1.8 231 4492 1598
22:55:32 0.01 HIT 687440 1.8 231 4492 1547
22:55:37 0.01 HIT 687440 1.8 231 4492 1578
22:55:43 0.01 HIT 687440 1.8 231 4492 1574
22:55:48 0.01 HIT 687440 1.8 231 4492 1562
22:55:53 0.01 HIT 687440 1.8 231 4492 1577
22:55:58 0.01 HIT 687440 1.8 231 4492 1557
22:56:03 0.01 HIT 687440 1.8 231 4492 1564
22:56:08 0.01 HIT 687440 1.8 231 4492 1587
22:56:13 0.01 HIT 687440 1.8 231 4492 1551
22:56:18 0.01 HIT 687440 1.8 231 4492 1579
22:56:23 0.01 HIT 687440 1.8 231 4492 1531
22:56:28 0.01 HIT 687440 1.8 231 4492 1578
22:56:33 0.01 HIT 687440 1.8 231 4492 1593
22:56:38 0.01 HIT 687440 1.8 231 4492 1574
22:56:43 0.01 HIT 687440 1.8 231 4492 1567
22:56:48 0.01 HIT 687440 1.8 231 4492 1571
22:56:54 0.01 HIT 687440 1.8 231 4492 1550
22:56:59 0.01 HIT 687440 1.8 231 4492 1608
22:57:04 0.01 HIT 687440 1.8 231 4492 1536
22:57:09 0.01 HIT 687440 1.8 231 4492 1574
22:57:14 0.01 HIT 687440 1.8 231 4492 1553
22:57:19 0.01 HIT 687440 1.8 231 4492 1570
22:57:24 0.01 HIT 687440 1.8 231 4492 1620
22:57:29 0.01 HIT 687440 1.8 231 4492 1569
22:57:34 0.01 HIT 687440 1.8 231 4492 1575
22:57:39 0.01 HIT 687440 1.8 231 4492 1589
22:57:44 0.01 HIT 687440 1.8 231 4492 1534
22:57:49 0.01 HIT 687440 1.8 231 4492 1669
22:57:55 0.01 HIT 687440 1.8 231 4492 1559
22:58:00 0.01 HIT 687440 1.8 231 4492 1542
22:58:05 0.01 HIT 687440 1.8 231 4492 1608
22:58:10 0.01 HIT 687440 1.8 231 4492 1562
22:58:15 0.01 HIT 687440 1.8 231 4492 1616
22:58:20 0.01 HIT 687440 1.8 231 4492 1521
22:58:25 0.01 HIT 687440 1.8 231 4492 1521
22:58:30 0.01 HIT 687440 1.8 231 4492 1591
22:58:35 0.01 HIT 687440 1.8 231 4492 1557
22:58:40 0.01 HIT 687440 1.8 231 4492 1553
22:58:45 0.01 HIT 687440 1.8 231 4492 1570
22:58:50 0.01 HIT 687440 1.8 231 4492 1540
22:58:55 0.01 HIT 687440 1.8 231 4492 1590
22:59:00 0.01 HIT 687440 1.8 231 4492 1549
22:59:05 0.01 HIT 687440 1.8 231 4492 1556
22:59:11 0.01 HIT 687440 1.8 231 4492 1583
22:59:16 0.01 HIT 687440 1.8 231 4492 1535
22:59:21 0.01 HIT 687440 1.8 231 4492 1592
22:59:26 0.01 HIT 687440 1.8 231 4492 1549
22:59:31 0.01 HIT 687440 1.8 231 4492 1546
22:59:36 0.01 HIT 687440 1.8 231 4492 1580
22:59:41 0.01 HIT 687440 1.8 231 4492 1564
22:59:46 0.01 HIT 687440 1.8 231 4492 1599
22:59:51 0.01 HIT 687440 1.8 231 4492 1578
22:59:56 0.01 HIT 687440 1.8 231 4492 1537
23:00:01 0.01 HIT 687440 1.8 231 4492 1599
23:00:06 0.01 HIT 687440 1.8 231 4492 1523
23:00:11 0.01 HIT 687440 1.8 231 4492 1560
23:00:16 0.01 HIT 687440 1.8 231 4492 1576
23:00:21 0.01 HIT 687440 1.8 231 4492 1544
23:00:27 0.01 HIT 687440 1.8 231 4492 1582
23:00:32 0.01 HIT 687440 1.8 231 4492 1585
23:00:37 0.01 HIT 687440 1.8 231 4492 1579
23:00:42 0.01 HIT 687440 1.8 231 4492 1590
23:00:47 0.01 HIT 687440 1.8 231 4492 1561
23:00:52 0.01 HIT 687440 1.8 231 4492 1583
23:00:57 0.01 HIT 687440 1.8 231 4492 1579
23:01:02 0.01 HIT 687440 1.8 231 4492 1589
23:01:07 0.01 HIT 687440 1.8 231 4492 1602
23:01:12 0.01 HIT 687440 1.8 231 4492 1570
23:01:17 0.01 HIT 687440 1.8 231 4492 1591
23:01:23 0.01 HIT 687440 1.8 231 4492 1601
23:01:28 0.01 HIT 687440 1.8 231 4492 1599
23:01:33 0.01 HIT 687440 1.8 231 4492 1544
23:01:38 0.01 HIT 687440 1.8 231 4492 1567
23:01:43 0.01 HIT 687440 1.8 231 4492 1568
23:01:48 0.01 HIT 687440 1.8 231 4492 1565
23:01:53 0.01 HIT 687440 1.8 231 4492 1592
23:01:58 0.01 HIT 687440 1.8 231 4492 1570
23:02:03 0.01 HIT 687440 1.9 231 4492 1567
23:02:08 0.01 HIT 687440 1.9 231 4492 1630
23:02:13 0.01 HIT 687440 1.9 231 4492 1530
23:02:18 0.01 HIT 687440 1.9 231 4492 1602
23:02:23 0.01 HIT 687440 1.9 231 4492 1566
23:02:29 0.01 HIT 687440 1.9 231 4492 1575
23:02:34 0.01 HIT 687440 1.9 231 4492 1623
23:02:39 0.01 HIT 687440 1.9 231 4492 1570
23:02:44 0.01 HIT 687440 1.9 231 4492 1598
23:02:49 0.01 HIT 687440 1.9 231 4492 1564
23:02:54 0.01 HIT 687440 1.9 231 4492 1613
23:02:59 0.01 HIT 687440 1.9 231 4492 1627
23:03:04 0.01 HIT 687440 1.9 231 4492 1581
23:03:09 0.01 HIT 687440 1.9 231 4492 1625
23:03:14 0.01 HIT 687440 1.9 231 4492 1575
23:03:19 0.01 HIT 687440 1.9 231 4492 1545
23:03:25 0.01 HIT 687440 1.9 231 4492 1586
23:03:30 0.01 HIT 687440 1.9 231 4492 1558
23:03:35 0.01 HIT 687440 1.9 231 4492 1609
23:03:40 0.01 HIT 687440 1.9 231 4492 1557
23:03:45 0.01 HIT 687440 1.9 231 4492 1613
23:03:50 0.01 HIT 687440 1.9 231 4492 1552
23:03:55 0.01 HIT 687440 1.9 231 4492 1566
23:04:00 0.01 HIT 687440 1.9 231 4492 1577
23:04:05 0.01 HIT 687440 1.9 231 4492 1549
23:04:10 0.01 HIT 687440 1.9 231 4492 1567
23:04:15 0.01 HIT 687440 1.9 231 4492 1576
23:04:20 0.01 HIT 687440 1.9 231 4492 1537
23:04:25 0.01 HIT 687440 1.9 231 4492 1628
23:04:31 0.01 HIT 687440 1.9 231 4492 1536
23:04:36 0.01 HIT 687440 1.9 231 4492 1597
23:04:41 0.01 HIT 687440 1.9 231 4492 1583
23:04:46 0.01 HIT 687440 1.9 231 4492 1539
23:04:51 0.01 HIT 687440 1.9 231 4492 1602
23:04:56 0.01 HIT 687440 1.9 231 4492 1562
23:05:01 0.01 HIT 687440 1.9 231 4492 1552
23:05:06 0.01 HIT 687440 1.9 231 4492 1586
23:05:11 0.01 HIT 687440 1.9 231 4492 1581
23:05:16 0.01 HIT 687440 1.9 231 4492 1594
23:05:21 0.01 HIT 687440 1.9 231 4492 1523
23:05:26 0.01 HIT 687440 1.9 231 4492 1578
23:05:31 0.01 HIT 687440 1.9 231 4492 1612
23:05:37 0.01 HIT 687440 1.9 231 4492 1545
23:05:42 0.01 HIT 687440 1.9 231 4492 1590
23:05:47 0.01 HIT 687440 1.9 231 4492 1565
23:05:52 0.01 HIT 687440 1.9 231 4492 1669
23:05:57 0.01 HIT 687440 1.9 231 4492 1559
23:06:02 0.01 HIT 687440 1.9 231 4492 1581
23:06:07 0.01 HIT 687440 1.9 231 4492 1595
23:06:12 0.01 HIT 687440 1.9 231 4492 1547
23:06:17 0.01 HIT 687440 1.9 231 4492 1572
23:06:22 0.01 HIT 687440 1.9 231 4492 1558
23:06:27 0.01 HIT 687440 1.9 231 4492 1555
23:06:32 0.01 HIT 687440 1.9 231 4492 1582
23:06:37 0.01 HIT 687440 1.9 231 4492 1555
23:06:43 0.01 HIT 687440 1.9 231 4492 1573
23:06:48 0.01 HIT 687440 1.9 231 4492 1587
23:06:53 0.01 HIT 687440 1.9 231 4492 1577
23:06:58 0.01 HIT 687440 1.9 231 4492 1601
23:07:03 0.01 HIT 687440 1.9 231 4492 1580
23:07:08 0.01 HIT 687440 1.9 231 4492 1559
23:07:13 0.01 HIT 687440 1.9 231 4492 1589
23:07:18 0.01 HIT 687440 1.9 231 4492 1574
23:07:23 0.01 HIT 687440 1.9 231 4492 1635
23:07:28 0.01 HIT 687440 1.9 231 4492 1571
23:07:33 0.01 HIT 687440 1.9 231 4492 1541
23:07:38 0.01 HIT 687440 1.9 231 4492 1577
23:07:44 0.01 HIT 687440 1.9 231 4492 1576
23:07:49 0.01 HIT 687440 1.9 231 4492 1599
23:07:54 0.01 HIT 687440 1.9 231 4492 1559
23:07:59 0.01 HIT 687440 1.9 232 4492 1565
23:08:04 0.01 HIT 687440 1.9 232 4492 1643
23:08:09 0.01 HIT 687440 1.9 232 4492 1605
23:08:14 0.01 HIT 687440 1.9 232 4492 1593
23:08:19 0.01 HIT 687440 1.9 232 4492 1592
23:08:24 0.01 HIT 687440 1.9 232 4492 1572
23:08:29 0.01 HIT 687440 1.9 232 4492 1636
23:08:35 0.01 HIT 687440 1.9 232 4492 1579
23:08:40 0.01 HIT 687440 1.9 232 4492 1585
23:08:45 0.01 HIT 687440 1.9 232 4492 1561
23:08:50 0.01 HIT 687440 1.9 232 4492 1598
23:08:55 0.01 HIT 687440 1.9 232 4492 1576
23:09:00 0.01 HIT 687440 1.9 232 4492 1567
23:09:05 0.01 HIT 687440 1.9 232 4492 1621
23:09:10 0.01 HIT 687440 1.9 232 4492 1542
23:09:15 0.01 HIT 687440 1.9 232 4492 1569
23:09:20 0.01 HIT 687440 1.9 232 4492 1586
23:09:25 0.01 HIT 687440 1.9 232 4492 1552
23:09:30 0.01 HIT 687440 1.9 232 4492 1584
23:09:35 0.01 HIT 687440 1.9 232 4492 1552
23:09:40 0.01 HIT 687440 1.9 232 4492 1547
23:09:46 0.01 HIT 687440 1.9 232 4492 1595
23:09:51 0.01 HIT 687440 1.9 232 4492 1576
23:09:56 0.01 HIT 687440 1.9 232 4492 1604
23:10:01 0.01 HIT 687440 1.9 232 4492 1594
23:10:06 0.01 HIT 687440 1.9 232 4492 1606
23:10:11 0.01 HIT 687440 1.9 232 4492 1578
23:10:16 0.01 HIT 687440 1.9 232 4492 1547
23:10:21 0.01 HIT 687440 2.0 232 4492 1576
23:10:26 0.01 HIT 687440 2.0 232 4492 1574
23:10:31 0.01 HIT 687440 2.0 232 4492 1618
23:10:37 0.01 HIT 687440 2.0 232 4492 1609
23:10:42 0.01 HIT 687440 2.0 232 4492 1595
23:10:47 0.01 HIT 687440 2.0 232 4492 1583
23:10:52 0.01 HIT 687440 2.0 232 4492 1540
23:10:57 0.01 HIT 687440 2.0 232 4492 1608
23:11:02 0.01 HIT 687440 2.0 232 4492 1569
23:11:07 0.01 HIT 687440 2.0 232 4492 1583
23:11:12 0.01 HIT 687440 2.0 232 4492 1576
23:11:17 0.01 HIT 687440 2.0 232 4492 1579
23:11:22 0.01 HIT 687440 2.0 232 4492 1551
23:11:27 0.01 HIT 687440 2.0 232 4492 1583
23:11:32 0.01 HIT 687440 2.0 232 4492 1564
23:11:37 0.01 HIT 687440 2.0 232 4492 1577
23:11:43 0.01 HIT 687440 2.0 232 4492 1589
23:11:48 0.01 HIT 687440 2.0 232 4492 1561
23:11:53 0.01 HIT 687440 2.0 232 4492 1628
23:11:58 0.01 HIT 687440 2.0 232 4492 1582
23:12:03 0.01 HIT 687440 2.0 232 4492 1605
23:12:08 0.01 HIT 687440 2.0 232 4492 1588
23:12:13 0.01 HIT 687440 2.0 232 4492 1538
23:12:18 0.01 HIT 687440 2.0 232 4492 1594
23:12:23 0.01 HIT 687440 2.0 232 4492 1585
23:12:28 0.01 HIT 687440 2.0 232 4492 1569
23:12:33 0.01 HIT 687440 2.0 232 4492 1606
23:12:39 0.01 HIT 687440 2.0 232 4492 1573
23:12:44 0.01 HIT 687440 2.0 232 4492 1603
23:12:49 0.01 HIT 687440 2.0 232 4492 1573
23:12:54 0.01 HIT 687440 2.0 232 4492 1577
23:12:59 0.01 HIT 687440 2.0 232 4492 1580
23:13:04 0.01 HIT 687440 2.0 232 4492 1600
23:13:09 0.01 HIT 687440 2.0 232 4492 1632
23:13:14 0.01 HIT 687440 2.0 232 4492 1566
23:13:19 0.01 HIT 687440 2.0 232 4492 1623
23:13:24 0.01 HIT 687440 2.0 232 4492 1571
23:13:29 0.01 HIT 687440 2.0 232 4492 1535
23:13:35 0.01 HIT 687440 2.0 232 4492 1652
23:13:40 0.01 HIT 687440 2.0 232 4492 1588
23:13:45 0.01 HIT 687440 2.0 232 4492 1563
23:13:50 0.01 HIT 687440 2.0 232 4492 1571
23:13:55 0.01 HIT 687440 2.0 232 4492 1591
23:14:00 0.01 HIT 687440 2.0 232 4492 1614
23:14:05 0.01 HIT 687440 2.0 232 4492 1541
23:14:10 0.01 HIT 687440 2.0 232 4492 1579
23:14:15 0.01 HIT 687440 2.0 232 4492 1591
23:14:20 0.01 HIT 687440 2.0 232 4492 1551
23:14:25 0.01 HIT 687440 2.0 232 4492 1583
23:14:30 0.01 HIT 687440 2.0 232 4492 1608
23:14:36 0.01 HIT 687440 2.0 232 4492 1659
23:14:41 0.01 HIT 687440 2.0 232 4492 1579
23:14:46 0.01 HIT 687440 2.0 232 4492 1602
23:14:51 0.01 HIT 687440 2.0 232 4492 1616
23:14:56 0.01 HIT 687440 2.0 232 4492 1578
23:15:01 0.01 HIT 687440 2.0 232 4492 1608
23:15:06 0.01 HIT 687440 2.0 232 4492 1559
23:15:11 0.01 HIT 687440 2.0 232 4492 1591
23:15:16 0.01 HIT 687440 2.0 232 4492 1554
23:15:21 0.01 HIT 687440 2.0 232 4492 1536
23:15:26 0.01 HIT 687440 2.0 232 4492 1576
23:15:32 0.01 HIT 687440 2.0 232 4492 1565
23:15:37 0.01 HIT 687440 2.0 232 4492 1579
23:15:42 0.01 HIT 687440 2.0 232 4492 1616
23:15:47 0.01 HIT 687440 2.0 232 4492 1565
23:15:52 0.01 HIT 687440 2.0 232 4492 1609
23:15:57 0.01 HIT 687440 2.0 232 4492 1587
23:16:02 0.01 HIT 687440 2.0 232 4492 1578
23:16:07 0.01 HIT 687440 2.0 232 4492 1594
23:16:12 0.01 HIT 687440 2.0 232 4492 1547
23:16:17 0.01 HIT 687440 2.0 232 4492 1593
23:16:22 0.01 HIT 687440 2.0 232 4492 1550
23:16:27 0.01 HIT 687440 2.0 232 4492 1535
23:16:32 0.01 HIT 687440 2.0 232 4492 1586
23:16:38 0.01 HIT 687440 2.0 232 4492 1569
23:16:43 0.01 HIT 687440 2.0 232 4492 1541
23:16:48 0.01 HIT 687440 2.0 232 4492 1579
23:16:53 0.01 HIT 687440 2.0 232 4492 1555
23:16:58 0.01 HIT 687440 2.0 232 4492 1604
23:17:03 0.01 HIT 687440 2.0 232 4492 1539
23:17:08 0.01 HIT 687440 2.0 232 4492 1553
23:17:13 0.01 HIT 687440 2.0 232 4492 1584
23:17:18 0.01 HIT 687440 2.0 232 4492 1537
23:17:23 0.01 HIT 687440 2.0 232 4492 1559
23:17:28 0.01 HIT 687440 2.0 232 4492 1570
23:17:33 0.01 HIT 687440 2.0 232 4492 1548
23:17:38 0.01 HIT 687440 2.0 232 4492 1587
23:17:43 0.01 HIT 687440 2.0 232 4492 1594
23:17:49 0.01 HIT 687440 2.0 232 4492 1571
23:17:54 0.01 HIT 687440 2.0 232 4492 1558
23:17:59 0.01 HIT 687440 2.0 232 4492 1648
23:18:04 0.01 HIT 687440 2.0 232 4492 1600
23:18:09 0.01 HIT 687440 2.0 232 4492 1557
23:18:14 0.01 HIT 687440 2.0 232 4492 1562
23:18:19 0.01 HIT 687440 2.0 232 4492 1572
23:18:24 0.01 HIT 687440 2.0 232 4492 1541
23:18:29 0.01 HIT 687440 2.0 232 4492 1619
23:18:34 0.01 HIT 687440 2.0 232 4492 1589
23:18:39 0.01 HIT 687440 2.1 232 4492 1583
23:18:44 0.01 HIT 687440 2.1 232 4492 1576
23:18:50 0.01 HIT 687440 2.1 232 4492 1559
23:18:55 0.01 HIT 687440 2.1 232 4492 1567
23:19:00 0.01 HIT 687440 2.1 232 4492 1576
23:19:05 0.01 HIT 687440 2.1 232 4492 1595
23:19:10 0.01 HIT 687440 2.1 232 4492 1580
23:19:15 0.01 HIT 687440 2.1 232 4492 1561
23:19:20 0.01 HIT 687440 2.1 232 4492 1604
23:19:25 0.01 HIT 687440 2.1 232 4492 1579
23:19:30 0.01 HIT 687440 2.1 232 4492 1577
23:19:35 0.01 HIT 687440 2.1 232 4492 1585
23:19:40 0.01 HIT 687440 2.1 232 4492 1542
23:19:45 0.01 HIT 687440 2.1 232 4492 1595
23:19:50 0.01 HIT 687440 2.1 232 4492 1559
23:19:56 0.01 HIT 687440 2.1 232 4492 1569
23:20:01 0.01 HIT 687440 2.1 232 4492 1646
23:20:06 0.01 HIT 687440 2.1 232 4492 1555
23:20:11 0.01 HIT 687440 2.1 232 4492 1572
23:20:16 0.01 HIT 687440 2.1 232 4492 1610
23:20:21 0.01 HIT 687440 2.1 232 4492 1536
23:20:26 0.01 HIT 687440 2.1 232 4492 1613
23:20:31 0.01 HIT 687440 2.1 232 4492 1533
23:20:36 0.01 HIT 687440 2.1 232 4492 1573
23:20:41 0.01 HIT 687440 2.1 232 4492 1568
23:20:46 0.01 HIT 687440 2.1 232 4492 1547
23:20:51 0.01 HIT 687440 2.1 232 4492 1594
23:20:56 0.01 HIT 687440 2.1 232 4492 1556
23:21:02 0.01 HIT 687440 2.1 232 4492 1591
23:21:07 0.01 HIT 687440 2.1 232 4492 1612
23:21:12 0.01 HIT 687440 2.1 232 4492 1596
23:21:17 0.01 HIT 687440 2.1 232 4492 1622
23:21:22 0.01 HIT 687440 2.1 232 4492 1584
23:21:27 0.01 HIT 687440 2.1 232 4492 1604
23:21:32 0.01 HIT 687440 2.1 232 4492 1604
23:21:37 0.01 HIT 687440 2.1 232 4492 1595
23:21:42 0.01 HIT 687440 2.1 232 4492 1615
23:21:47 0.01 HIT 687440 2.1 232 4492 1560
23:21:53 0.01 HIT 687440 2.1 232 4492 1597
23:21:58 0.01 HIT 687440 2.1 232 4492 1578
23:22:03 0.01 HIT 687440 2.1 232 4492 1567
23:22:08 0.01 HIT 687440 2.1 232 4492 1615
23:22:13 0.01 HIT 687440 2.1 232 4492 1598
23:22:18 0.01 HIT 687440 2.1 232 4492 1553
23:22:23 0.01 HIT 687440 2.1 232 4492 1563
23:22:28 0.01 HIT 687440 2.1 232 4492 1558
23:22:33 0.01 HIT 687440 2.1 232 4492 1584
23:22:38 0.01 HIT 687440 2.1 232 4492 1565
23:22:43 0.01 HIT 687440 2.1 232 4492 1603
23:22:48 0.01 HIT 687440 2.1 232 4492 1562
23:22:54 0.01 HIT 687440 2.1 232 4492 1579
23:22:59 0.01 HIT 687440 2.1 232 4492 1662
23:23:04 0.01 HIT 687440 2.1 232 4492 1588
23:23:09 0.01 HIT 687440 2.1 232 4492 1586
23:23:14 0.01 HIT 687440 2.1 232 4492 1576
23:23:19 0.01 HIT 687440 2.1 232 4492 1581
23:23:24 0.01 HIT 687440 2.1 232 4492 1583
23:23:29 0.01 HIT 687440 2.1 232 4492 1592
23:23:34 0.01 HIT 687440 2.1 232 4492 1599
23:23:39 0.01 HIT 687440 2.1 232 4492 1576
23:23:45 0.01 HIT 687440 2.1 232 4492 1594
23:23:50 0.01 HIT 687440 2.1 232 4492 1627
23:23:55 0.01 HIT 687440 2.1 232 4492 1564
23:24:00 0.01 HIT 687440 2.1 232 4492 1624
23:24:05 0.01 HIT 687440 2.1 232 4492 1563
23:24:10 0.01 HIT 687440 2.1 232 4492 1541
23:24:15 0.01 HIT 687440 2.1 232 4492 1589
23:24:20 0.01 HIT 687440 2.1 232 4492 1544
23:24:25 0.01 HIT 687440 2.1 232 4492 1566
23:24:30 0.01 HIT 687440 2.1 232 4492 1620
23:24:35 0.01 HIT 687440 2.1 232 4492 1593
23:24:40 0.01 HIT 687440 2.1 232 4492 1587
23:24:46 0.01 HIT 687440 2.1 232 4492 1562
23:24:51 0.01 HIT 687440 2.1 232 4492 1618
23:24:56 0.01 HIT 687440 2.1 232 4492 1575
23:25:01 0.01 HIT 687440 2.1 232 4492 1564
23:25:06 0.01 HIT 687440 2.1 232 4492 1638
23:25:11 0.01 HIT 687440 2.1 232 4492 1557
23:25:16 0.01 HIT 687440 2.1 232 4492 1623
23:25:21 0.01 HIT 687440 2.1 232 4492 1567
23:25:26 0.01 HIT 687440 2.1 232 4492 1541
23:25:31 0.01 HIT 687440 2.1 232 4492 1578
23:25:36 0.01 HIT 687440 2.1 232 4492 1546
23:25:41 0.01 HIT 687440 2.1 232 4492 1606
23:25:47 0.01 HIT 687440 2.1 232 4492 1562
23:25:52 0.01 HIT 687440 2.1 232 4492 1580
23:25:57 0.01 HIT 687440 2.1 232 4492 1620
23:26:02 0.01 HIT 687440 2.1 232 4492 1623
23:26:07 0.01 HIT 687440 2.1 232 4492 1601
23:26:12 0.01 HIT 687440 2.1 232 4492 1562
23:26:17 0.01 HIT 687440 2.1 232 4492 1533
23:26:22 0.01 HIT 687440 2.1 232 4492 1576
23:26:27 0.01 HIT 687440 2.1 232 4492 1524
23:26:32 0.01 HIT 687440 2.1 232 4492 1562
23:26:37 0.01 HIT 687440 2.1 232 4492 1535
23:26:42 0.01 HIT 687440 2.1 232 4492 1564
23:26:47 0.01 HIT 687440 2.1 232 4492 1596
23:26:53 0.01 HIT 687440 2.1 232 4492 1566
23:26:58 0.01 HIT 687440 2.2 232 4492 1581
23:27:03 0.01 HIT 687440 2.2 232 4492 1582
23:27:08 0.01 HIT 687440 2.2 232 4492 1551
23:27:13 0.01 HIT 687440 2.2 232 4492 1634
23:27:18 0.01 HIT 687440 2.2 232 4492 1540
23:27:23 0.01 HIT 687440 2.2 232 4492 1598
23:27:28 0.01 HIT 687440 2.2 232 4492 1557
23:27:33 0.01 HIT 687440 2.2 232 4492 1562
23:27:38 0.01 HIT 687440 2.2 232 4492 1583
23:27:43 0.01 HIT 687440 2.2 232 4492 1591
23:27:48 0.01 HIT 687440 2.2 232 4492 1551
23:27:53 0.01 HIT 687440 2.2 232 4492 1575
23:27:59 0.01 HIT 687440 2.2 232 4492 1554
23:28:04 0.01 HIT 687440 2.2 232 4492 1602
23:28:09 0.01 HIT 687440 2.2 232 4492 1541
23:28:14 0.01 HIT 687440 2.2 232 4492 1580
23:28:19 0.01 HIT 687440 2.2 232 4492 1612
23:28:24 0.01 HIT 687440 2.2 232 4492 1538
23:28:29 0.01 HIT 687440 2.2 232 4492 1607
23:28:34 0.01 HIT 687440 2.2 232 4492 1528
23:28:39 0.01 HIT 687440 2.2 232 4492 1580
23:28:44 0.01 HIT 687440 2.2 232 4492 1617
23:28:49 0.01 HIT 687440 2.2 232 4492 1545
23:28:54 0.01 HIT 687440 2.2 232 4492 1582
23:28:59 0.01 HIT 687440 2.2 232 4492 1556
23:29:05 0.01 HIT 687440 2.2 232 4492 1591
23:29:10 0.01 HIT 687440 2.2 232 4492 1613
23:29:15 0.01 HIT 687440 2.2 232 4492 1545
23:29:20 0.01 HIT 687440 2.2 232 4492 1603
23:29:25 0.01 HIT 687440 2.2 232 4492 1506
23:29:30 0.01 HIT 687440 2.2 232 4492 1548
23:29:35 0.01 HIT 687440 2.2 232 4492 1603
23:29:40 0.01 HIT 687440 2.2 232 4492 1550
23:29:45 0.01 HIT 687440 2.2 232 4492 1558
23:29:50 0.01 HIT 687440 2.2 232 4492 1542
23:29:55 0.01 HIT 687440 2.2 232 4492 1554
23:30:00 0.01 HIT 687440 2.2 232 4492 1626
23:30:05 0.01 HIT 687440 2.2 232 4492 1553
23:30:10 0.01 HIT 687440 2.2 232 4492 1579
23:30:16 0.01 HIT 687440 2.2 232 4492 1580
23:30:21 0.01 HIT 687440 2.2 232 4492 1548
23:30:26 0.01 HIT 687440 2.2 232 4492 1577
23:30:31 0.01 HIT 687440 2.2 232 4492 1553
23:30:36 0.01 HIT 687440 2.2 232 4492 1563
23:30:41 0.01 HIT 687440 2.2 232 4492 1581
23:30:46 0.01 HIT 687440 2.2 232 4492 1525
23:30:51 0.01 HIT 687440 2.2 232 4492 1592
23:30:56 0.01 HIT 687440 2.2 232 4492 1528
23:31:01 0.01 HIT 687440 2.2 232 4492 1590
23:31:06 0.01 HIT 687440 2.2 232 4492 1612
23:31:11 0.01 HIT 687440 2.2 232 4492 1544
23:31:16 0.01 HIT 687440 2.2 232 4492 1576
23:31:21 0.01 HIT 687440 2.2 232 4492 1580
23:31:27 0.01 HIT 687440 2.2 232 4492 1565
23:31:32 0.01 HIT 687440 2.2 232 4492 1608
23:31:37 0.01 HIT 687440 2.2 232 4492 1568
23:31:42 0.01 HIT 687440 2.2 232 4492 1582
23:31:47 0.01 HIT 687440 2.2 232 4492 1617
23:31:52 0.01 HIT 687440 2.2 232 4492 1558
23:31:57 0.01 HIT 687440 2.2 232 4492 1578
23:32:02 0.01 HIT 687440 2.2 232 4492 1573
23:32:07 0.01 HIT 687440 2.2 232 4492 1582
23:32:12 0.01 HIT 687440 2.2 232 4492 1566
23:32:17 0.01 HIT 687440 2.2 232 4492 1593
23:32:23 0.01 HIT 687440 2.2 232 4492 1630
23:32:28 0.01 HIT 687440 2.2 232 4492 1563
23:32:33 0.01 HIT 687440 2.2 232 4492 1592
23:32:38 0.01 HIT 687440 2.2 232 4492 1600
23:32:43 0.01 HIT 687440 2.2 232 4492 1569
23:32:48 0.01 HIT 687440 2.2 232 4492 1607
23:32:53 0.01 HIT 687440 2.2 232 4492 1571
23:32:58 0.01 HIT 687440 2.2 232 4492 1602
23:33:03 0.01 HIT 687440 2.2 232 4492 1580
23:33:08 0.01 HIT 687440 2.2 232 4492 1563
23:33:13 0.01 HIT 687440 2.2 232 4492 1619
23:33:18 0.01 HIT 687440 2.2 232 4492 1581
23:33:24 0.01 HIT 687440 2.2 232 4492 1599
23:33:29 0.01 HIT 687440 2.2 232 4492 1565
23:33:34 0.01 HIT 687440 2.2 232 4492 1553
23:33:39 0.01 HIT 687440 2.2 232 4492 1582
23:33:44 0.01 HIT 687440 2.2 232 4492 1552
23:33:49 0.01 HIT 687440 2.2 232 4492 1546
23:33:54 0.01 HIT 687440 2.2 232 4492 1591
23:33:59 0.01 HIT 687440 2.2 232 4492 1557
23:34:04 0.01 HIT 687440 2.2 232 4492 1573
23:34:09 0.01 HIT 687440 2.2 232 4492 1560
23:34:14 0.01 HIT 687440 2.2 232 4492 1579
23:34:19 0.01 HIT 687440 2.2 232 4492 1632
23:34:25 0.01 HIT 687440 2.2 232 4492 1607
23:34:30 0.01 HIT 687440 2.2 232 4492 1569
23:34:35 0.01 HIT 687440 2.2 232 4492 1564
23:34:40 0.01 HIT 687440 2.2 232 4492 1567
23:34:45 0.01 HIT 687440 2.2 232 4492 1624
23:34:50 0.01 HIT 687440 2.2 232 4492 1544
23:34:55 0.01 HIT 687440 2.2 232 4492 1591
23:35:00 0.01 HIT 687440 2.2 232 4492 1564
23:35:05 0.01 HIT 687440 2.2 232 4492 1543
23:35:10 0.01 HIT 687440 2.2 232 4492 1587
23:35:15 0.01 HIT 687440 2.2 232 4492 1566
23:35:20 0.01 HIT 687440 2.3 232 4492 1580
23:35:25 0.01 HIT 687440 2.3 232 4492 1572
23:35:30 0.01 HIT 687440 2.3 232 4492 1539
23:35:36 0.01 HIT 687440 2.3 232 4492 1585
23:35:41 0.01 HIT 687440 2.3 232 4492 1550
23:35:46 0.01 HIT 687440 2.3 232 4492 1580
23:35:51 0.01 HIT 687440 2.3 232 4492 1552
23:35:56 0.01 HIT 687440 2.3 232 4492 1548
23:36:01 0.01 HIT 687440 2.3 232 4492 1607
23:36:06 0.01 HIT 687440 2.3 232 4492 1556
23:36:11 0.01 HIT 687440 2.3 232 4492 1575
23:36:16 0.01 HIT 687440 2.3 232 4492 1540
23:36:21 0.01 HIT 687440 2.3 232 4492 1527
23:36:26 0.01 HIT 687440 2.3 232 4492 1615
23:36:31 0.01 HIT 687440 2.3 232 4492 1557
23:36:36 0.01 HIT 687440 2.3 232 4492 1546
23:36:41 0.01 HIT 687440 2.3 232 4492 1564
23:36:46 0.01 HIT 687440 2.3 232 4492 1537
23:36:52 0.01 HIT 687440 2.3 232 4492 1568
23:36:57 0.01 HIT 687440 2.3 232 4492 1567
23:37:02 0.01 HIT 687440 2.3 232 4492 1526
23:37:07 0.01 HIT 687440 2.3 232 4492 1615
23:37:12 0.01 HIT 687440 2.3 232 4492 1563
23:37:17 0.01 HIT 687440 2.3 232 4492 1574
23:37:22 0.01 HIT 687440 2.3 232 4492 1561
23:37:27 0.01 HIT 687440 2.3 232 4492 1543
23:37:32 0.01 HIT 687440 2.3 232 4492 1590
23:37:37 0.01 HIT 687440 2.3 232 4492 1563
23:37:42 0.01 HIT 687440 2.3 232 4492 1544
23:37:47 0.01 HIT 687440 2.3 232 4492 1600
23:37:52 0.01 HIT 687440 2.3 232 4492 1560
23:37:57 0.01 HIT 687440 2.3 232 4492 1559
23:38:03 0.01 HIT 687440 2.3 232 4492 1573
23:38:08 0.01 HIT 687440 2.3 232 4492 1567
23:38:13 0.01 HIT 687440 2.3 232 4492 1644
23:38:18 0.01 HIT 687440 2.3 232 4492 1588
23:38:23 0.01 HIT 687440 2.3 232 4492 1589
23:38:28 0.01 HIT 687440 2.3 232 4492 1578
23:38:33 0.01 HIT 687440 2.3 232 4492 1573
23:38:38 0.01 HIT 687440 2.3 232 4492 1596
23:38:43 0.01 HIT 687440 2.3 232 4492 1571
23:38:48 0.01 HIT 687440 2.3 232 4492 1619
23:38:53 0.01 HIT 687440 2.3 232 4492 1557
23:38:58 0.01 HIT 687440 2.3 232 4492 1570
23:39:04 0.01 HIT 687440 2.3 232 4492 1595
23:39:09 0.01 HIT 687440 2.3 232 4492 1570
23:39:14 0.01 HIT 687440 2.3 232 4492 1605
23:39:19 0.01 HIT 687440 2.3 232 4492 1588
23:39:24 0.01 HIT 687440 2.3 232 4492 1575
23:39:29 0.01 HIT 687440 2.3 232 4492 1607
23:39:34 0.01 HIT 687440 2.3 232 4492 1555
23:39:39 0.01 HIT 687440 2.3 232 4492 1637
23:39:44 0.01 HIT 687440 2.3 232 4492 1607
23:39:49 0.01 HIT 687440 2.3 232 4492 1558
23:39:55 0.01 HIT 687440 2.3 232 4492 1622
23:40:00 0.01 HIT 687440 2.3 232 4492 1564
23:40:05 0.01 HIT 687440 2.3 232 4492 1588
23:40:10 0.01 HIT 687440 2.3 232 4492 1566
23:40:15 0.01 HIT 687440 2.3 232 4492 1544
23:40:20 0.01 HIT 687440 2.3 232 4492 1581
23:40:25 0.01 HIT 687440 2.3 232 4492 1595
23:40:30 0.01 HIT 687440 2.3 232 4492 1605
23:40:35 0.01 HIT 687440 2.3 232 4492 1541
23:40:40 0.01 HIT 687440 2.3 232 4492 1561
23:40:45 0.01 HIT 687440 2.3 232 4492 1601
23:40:50 0.01 HIT 687440 2.3 232 4492 1593
23:40:55 0.01 HIT 687440 2.3 232 4492 1561
23:41:01 0.01 HIT 687440 2.3 232 4492 1598
23:41:06 0.01 HIT 687440 2.3 232 4492 1590
23:41:11 0.01 HIT 687440 2.3 232 4492 1604
23:41:16 0.01 HIT 687440 2.3 232 4492 1581
23:41:21 0.01 HIT 687440 2.3 232 4492 1590
23:41:26 0.01 HIT 687440 2.3 232 4492 1588
23:41:31 0.01 HIT 687440 2.3 232 4492 1544
23:41:36 0.01 HIT 687440 2.3 232 4492 1588
23:41:41 0.01 HIT 687440 2.3 232 4492 1538
23:41:46 0.01 HIT 687440 2.3 232 4492 1608
23:41:51 0.01 HIT 687440 2.3 232 4492 1577
23:41:56 0.01 HIT 687440 2.3 232 4492 1555
23:42:02 0.01 HIT 687440 2.3 232 4492 1629
23:42:07 0.01 HIT 687440 2.3 232 4492 1552
23:42:12 0.01 HIT 687440 2.3 232 4492 1623
23:42:17 0.01 HIT 687440 2.3 232 4492 1593
23:42:22 0.01 HIT 687440 2.3 232 4492 1844
23:42:27 0.01 HIT 687440 2.3 232 4492 1543
23:42:32 0.01 HIT 687440 2.3 232 4492 1531
23:42:37 0.01 HIT 687440 2.3 232 4492 1575
23:42:42 0.01 HIT 687440 2.3 232 4492 1567
23:42:47 0.01 HIT 687440 2.3 232 4492 1539
23:42:53 0.01 HIT 687440 2.3 232 4492 1621
23:42:58 0.01 HIT 687440 2.3 232 4492 1540
23:43:03 0.01 HIT 687440 2.3 232 4492 1665
23:43:08 0.01 HIT 687440 2.3 232 4492 1574
23:43:13 0.01 HIT 687440 2.3 232 4492 1546
23:43:18 0.01 HIT 687440 2.3 232 4492 1566
23:43:23 0.01 HIT 687440 2.3 232 4492 1566
23:43:28 0.01 HIT 687440 2.3 232 4492 1577
23:43:33 0.01 HIT 687440 2.3 232 4492 1544
23:43:38 0.01 HIT 687440 2.4 232 4492 1590
23:43:43 0.01 HIT 687440 2.4 232 4492 1587
23:43:48 0.01 HIT 687440 2.4 232 4492 1513
23:43:54 0.01 HIT 687440 2.4 232 4492 1588
23:43:59 0.01 HIT 687440 2.4 232 4492 1562
23:44:04 0.01 HIT 687440 2.4 232 4492 1585
23:44:09 0.01 HIT 687440 2.4 232 4492 1589
23:44:14 0.01 HIT 687440 2.4 232 4492 1550
23:44:19 0.01 HIT 687440 2.4 232 4492 1613
23:44:24 0.01 HIT 687440 2.4 232 4492 1560
23:44:29 0.01 HIT 687440 2.4 232 4492 1576
23:44:34 0.01 HIT 687440 2.4 232 4492 1624
23:44:39 0.01 HIT 687440 2.4 232 4492 1549
23:44:44 0.01 HIT 687440 2.4 232 4492 1609
23:44:49 0.01 HIT 687440 2.4 232 4492 1550
23:44:54 0.01 HIT 687440 2.4 232 4492 1528
23:45:00 0.01 HIT 687440 2.4 232 4492 1588
23:45:05 0.01 HIT 687440 2.4 232 4492 1637
23:45:10 0.01 HIT 687440 2.4 232 4492 1560
23:45:15 0.01 HIT 687440 2.4 232 4492 1571
23:45:20 0.01 HIT 687440 2.4 232 4492 1548
23:45:25 0.01 HIT 687440 2.4 232 4492 1616
23:45:30 0.01 HIT 687440 2.4 232 4492 1559
23:45:35 0.01 HIT 687440 2.4 232 4492 1610
23:45:40 0.01 HIT 687440 2.4 232 4492 1572
23:45:45 0.01 HIT 687440 2.4 232 4492 1543
23:45:50 0.01 HIT 687440 2.4 232 4492 1644
23:45:55 0.01 HIT 687440 2.4 232 4492 1558
23:46:01 0.01 HIT 687440 2.4 232 4492 1571
23:46:06 0.01 HIT 687440 2.4 232 4492 1588
23:46:11 0.01 HIT 687440 2.4 232 4492 1548
23:46:16 0.01 HIT 687440 2.4 232 4492 1619
23:46:21 0.01 HIT 687440 2.4 232 4492 1560
23:46:26 0.01 HIT 687440 2.4 232 4492 1568
23:46:31 0.01 HIT 687440 2.4 232 4492 1583
23:46:36 0.01 HIT 687440 2.4 232 4492 1544
23:46:41 0.01 HIT 687440 2.4 232 4492 1584
23:46:46 0.01 HIT 687440 2.4 232 4492 1559
23:46:51 0.01 HIT 687440 2.4 232 4492 1573
23:46:56 0.01 HIT 687440 2.4 232 4492 1581
23:47:01 0.01 HIT 687440 2.4 232 4492 1556
23:47:07 0.01 HIT 687440 2.4 232 4492 1609
23:47:12 0.01 HIT 687440 2.4 232 4492 1576
23:47:17 0.01 HIT 687440 2.4 232 4492 1569
23:47:22 0.01 HIT 687440 2.4 232 4492 1564
23:47:27 0.01 HIT 687440 2.4 232 4492 1535
23:47:32 0.01 HIT 687440 2.4 232 4492 1584
23:47:37 0.01 HIT 687440 2.4 232 4492 1540
23:47:42 0.01 HIT 687440 2.4 232 4492 1563
23:47:47 0.01 HIT 687440 2.4 232 4492 1582
23:47:52 0.01 HIT 687440 2.4 232 4492 1537
23:47:57 0.01 HIT 687440 2.4 232 4492 1576
23:48:02 0.01 HIT 687440 2.4 232 4492 1548
23:48:07 0.01 HIT 687440 2.4 232 4492 1560
23:48:12 0.01 HIT 687440 2.4 232 4492 1610
23:48:18 0.01 HIT 687440 2.4 232 4492 1563
23:48:23 0.01 HIT 687440 2.4 232 4492 1594
23:48:28 0.01 HIT 687440 2.4 232 4492 1538
23:48:33 0.01 HIT 687440 2.4 232 4492 1548
23:48:38 0.01 HIT 687440 2.4 232 4492 1569
23:48:43 0.01 HIT 687440 2.4 232 4492 1537
23:48:48 0.01 HIT 687440 2.4 232 4492 1589
23:48:53 0.01 HIT 687440 2.4 232 4492 1551
23:48:58 0.01 HIT 687440 2.4 232 4492 1519
23:49:03 0.01 HIT 687440 2.4 232 4492 1650
23:49:08 0.01 HIT 687440 2.4 232 4492 1568
23:49:13 0.01 HIT 687440 2.4 232 4492 1581

